4176
25701
26952
26366
24848
23353
21919
20597
19466
18587
17977
17604
17395
17285
17225
17195
17176
17159
17158
17159
17167
17161
17161
17158
17152
17137
17129
17119
17106
17100
17110
17118
17117
17114
17122
17129
17123
17105
17105
17109
17114
17116
17116
17131
17118
17110
17092
17092
17085
17079
17076
17079
17078
17070
17080
17085
17089
17074
17067
17067
17066
17068
17075
17088
17086
17075
17070
17075
17077
17065
17062
17062
17069
17067
17070
17072
17067
17059
17062
17061
17055
17044
17040
17046
17040
17053
17054
17053
17042
17040
17049
17054
17055
17050
17052
17053
17051
17052
17052
17057
17046
17038
17025
17026
17031
17040
17042
17040
17031
17024
17023
17030
17033
17037
17039
17036
17024
17017
17023
17036
17034
17025
17016
17021
17020
17020
17024
17033
17035
17026
17025
17024
17019
17009
17012
17024
17029
17023
17023
17017
17002
16982
16980
16990
17000
17009
17002
17003
17000
17001
16999
16995
16993
16988
16989
16995
17006
17001
17004
16998
17002
16992
16992
16994
16999
16985
16974
16966
16968
16962
16967
16968
16974
16966
16970
16975
16979
16976
16976
16978
16969
16957
16958
16956
16958
16961
16973
16986
16978
16969
16954
16950
16952
16948
16950
16958
16964
16966
16961
16958
16952
16945
16942
16949
16946
16947
16943
16951
16952
16954
16953
16954
16951
16948
16950
16954
16957
16949
16951
16952
16959
16949
16947
16940
16933
16917
16909
16908
16914
16918
16925
16930
16926
16915
16909
16918
16924
16925
16921
16919
16923
16916
16921
16922
16926
16918
16917
16921
16918
16906
16896
16902
16901
16909
16909
16914
16909
16909
16910
16918
16908
16901
16896
16900
16898
16896
16901
16899
16891
16879
16886
16892
16893
16893
16889
16890
16878
16869
16868
16873
16869
16874
16883
16903
16899
16900
16895
16884
16879
16874
16893
16901
16896
16888
16879
16882
16878
16872
16883
16893
16896
16880
16875
16877
16881
16884
16883
16884
16878
16877
16876
16881
16877
16874
16872
16878
16875
16870
16865
16870
16853
16852
16849
16863
16857
16851
16848
16845
16840
16836
16847
16857
16848
16841
16836
16843
16840
16836
16839
16843
16845
16852
16854
16861
16851
16838
16838
16838
16832
16817
16813
16811
16807
16798
16812
16825
16833
16830
16834
16840
16840
16831
16833
16830
16826
16811
16814
16821
16827
16827
16828
16838
16835
16830
16817
16811
16808
16808
16815
16813
16810
16799
16802
16806
16810
16817
16820
16828
16819
16817
16814
16814
16807
16789
16790
16787
16795
16789
16796
16798
16799
16790
16788
16787
16786
16786
16787
16796
16785
16779
16774
16792
16801
16795
16791
16790
16791
16782
16785
16787
16784
16778
16783
16797
16798
16796
16789
16784
16776
16776
16779
16782
16778
16777
16782
16792
16784
16760
16748
16749
16762
16752
16745
16739
16749
16756
16763
16769
16770
16764
16762
16762
16760
16753
16752
16753
16751
16745
16747
16746
16736
16725
16727
16740
16746
16744
16741
16750
16746
16750
16744
16746
16744
16742
16756
16759
16755
16732
16725
16734
16731
16728
16716
16730
16730
16730
16742
16748
16746
16729
16727
16726
16721
16722
16728
16740
16736
16731
16731
16733
16731
16717
16721
16733
16739
16730
16723
16721
16721
16711
16708
16708
16706
16687
29049
30550
31428
31428
31428
31428
31428
31428
31428
31428
31428
31428
31428
31151
30518
29347
27971
26686
25540
24571
23795
23190
22722
22357
22068
21826
21617
21430
21262
21105
20956
20815
20682
20558
20435
20317
20204
20099
19997
19894
19798
19704
19615
19525
19439
19353
19270
19186
19106
19030
18954
18880
18808
18740
18669
18600
18532
18467
18398
18332
18268
18208
18149
18086
18024
17968
17904
17846
17786
17738
17681
17625
17571
17523
17469
17413
17357
17308
17248
17196
17143
17105
17058
17012
16957
16908
16856
16804
16756
16714
16673
16626
16589
16548
16503
16456
16415
16370
16319
16262
16229
16193
16160
16114
16077
16036
15989
15942
15903
15869
15832
15786
15746
15710
15679
15626
15604
15571
15547
15480
15434
15410
15392
15344
15295
15252
15241
15204
15183
15147
15117
15049
15027
14991
14971
14925
14915
14913
14867
14822
14783
14781
14745
14691
14654
14623
14614
14562
14544
14510
14497
14449
14420
14403
14380
14350
14310
14294
14260
14210
14189
14197
14183
14152
14112
14106
14074
14026
13986
13982
13976
13960
13929
13890
13865
13826
13805
13767
13721
13689
13705
13715
13709
13652
13606
13591
13568
13527
13477
13458
13446
13422
13423
13427
13387
13322
13268
13290
13263
13236
13237
13244
13248
13168
13152
13143
13148
13093
13049
13001
12994
12965
13023
13052
13054
12972
12896
12910
12933
12923
12905
12867
12813
12731
12691
12730
12726
12687
12650
12649
12639
12632
12618
12614
12540
12480
12487
12530
12502
12421
12433
12425
12380
12326
12382
12442
12331
12272
12265
12367
12274
12162
12094
12174
12209
12203
12163
12189
12086
12014
11966
12048
11996
11923
11896
11972
11957
11953
11966
11984
11913
11785
11826
11869
11862
11769
11742
11770
11721
11640
11673
11692
11721
11672
11742
11707
11651
11532
11500
11583
11616
11601
11537
11598
11616
11539
11476
11442
11534
11447
11398
11352
11325
11396
11382
11446
11352
11267
11247
11296
11310
11322
11324
11298
11183
11082
11118
11156
11172
11127
11151
11119
11096
11016
11186
11194
11110
10903
10942
11129
11096
10982
10911
10964
10980
10848
10869
10880
10956
10921
10901
10905
10833
10810
10746
10786
10686
10588
10689
10811
10773
10557
10521
10629
10640
10468
10508
10589
10560
10499
10427
10451
10384
10386
10538
10420
10417
10382
10505
10516
10390
10312
10398
10448
10366
10108
10195
10430
10531
10394
10240
10090
10074
10083
10228
10327
10263
10185
10186
10208
10156
9983
10023
10145
10193
10148
10069
10171
10005
9931
9856
10214
10105
9834
9747
9981
10089
9944
9741
9972
9913
10005
9942
10024
10050
9904
9671
9545
9580
9756
9905
9847
9848
9632
9707
9699
9739
9715
9674
9797
9829
9753
9648
9658
9704
9741
9773
9775
9601
9478
9404
9475
9194
9107
9142
9472
9431
9514
9538
9681
9634
9403
9341
9324
9262
9232
9355
9414
9427
8999
9133
8976
9069
9044
9234
9355
9294
9232
9341
9477
9433
9328
9278
9304
9202
9160
9247
9308
9055
8993
9061
9473
9264
9404
9175
9487
9085
9070
8955
9063
9093
8807
8899
8930
8945
8779
8616
8900
9047
9010
8814
8674
8530
8348
8658
8812
8857
8487
8533
8985
9122
8960
9009
9282
9131
9709
10826
11470
11221
10318
9628
9594
9242
8849
8584
8752
8716
8490
8587
8799
9061
8901
8671
8396
8339
8227
8402
8676
8478
8133
8034
8374
8474
8108
8214
8314
8617
8429
8594
8684
8648
8507
8165
8344
8043
7936
8024
8399
8478
8194
8234
8264
8255
8277
8439
8580
8356
8269
8334
8690
8379
8150
7561
8108
8052
8152
8219
8597
8583
8430
8368
8387
7786
7425
7743
8159
8066
7750
8061
8274
8132
7960
8041
8371
8309
8160
8229
7979
7979
7343
7561
7731
7877
7850
7741
7998
7677
7223
7189
7858
8025
7682
7801
7900
7873
7515
7441
7620
7105
6947
6782
7896
7964
7994
7928
7986
7926
7558
7652
8097
7418
7574
7784
8418
8179
7531
7615
7821
7313
6502
7167
7968
8029
7016
6979
7499
7585
7025
6971
7247
7313
7130
7159
7613
7377
7441
7493
7979
7770
7540
7469
7805
7626
7448
7719
8041
7868
7469
7036
6839
6208
5769
6093
6921
6807
6236
5915
6842
7565
7495
7743
7531
7856
7448
7727
7455
7620
7299
7780
7902
7841
7244
7448
7596
7204
6461
5929
6623
6996
6717
6724
6894
7399
7399
7372
7821
7792
7289
6848
6801
6674
7067
7119
7212
6293
6123
6684
7281
7167
6750
6817
6613
6512
5967
6921
7427
6804
6204
5707
6985
7016
6650
6733
7050
7124
6347
6869
6968
6996
6442
7081
7643
7558
7338
7372
7384
7157
6401
6763
7534
7654
7348
6982
7151
6710
6707
6991
7656
7406
6820
6450
6431
6671
6269
6724
7336
7711
7321
7333
7602
7427
6035
4614
4648
4057
5132
6616
7399
6730
5063
4873
4690
5219
4122
5739
6494
7631
7326
7343
6153
5886
2794
4978
6289
6420
5843
5702
6697
6737
5315
5818
6519
6232
5111
4640
6623
7304
7326
7124
6912
6128
5910
5395
6650
6971
6316
5578
4827
4881
4811
5872
7422
7199
6930
5939
6512
4517
3884
3694
5611
6240
5649
6031
6386
7070
6872
7089
6814
6067
2692
265
4090
5622
5595
5567
6269
5606
6316
6370
6691
5644
5697
5886
5994
3966
2496
4517
6363
5264
4933
3759
6119
5327
5617
5843
6710
6795
5454
5494
6123
6208
6119
4819
6442
4896
5483
5589
6487
5943
5545
5759
5219
3694
3772
5352
5886
6269
6554
6633
7036
7053
6654
6265
6654
6921
6442
6498
6930
7181
6216
6442
6782
7127
6839
6245
5813
5395
5901
6620
6950
6442
5611
3021
5511
6049
6339
6017
6374
5967
5419
5943
6529
5638
506
4279
6067
6529
5784
6650
7372
7365
5784
4535
4640
4208
200
825
4057
3337
2094
2067
5334
5186
5506
5600
6228
5799
5567
5296
5145
4112
4597
6526
7162
6947
5589
4299
4535
4279
3398
4873
6281
6519
5754
5315
6374
6397
5697
5321
5769
3572
671
1145
6273
6694
6465
6798
7291
7050
6232
6253
5985
5843
4144
4186
3733
4035
5334
5477
5654
4795
5389
5686
6740
6183
4035
2011
4279
5578
4299
3810
5098
4971
3290
4674
5857
6236
5159
3884
6106
6300
5853
5327
5321
5981
5920
5567
6097
5649
5258
5430
5436
5277
0
2149
5707
5551
1832
0
5028
5389
874
0
3681
5494
3884
5352
5833
5723
5660
5436
6667
5283
4357
4748
5277
5042
4772
5886
6505
5600
5584
5245
5681
3989
2176
1461
3599
5425
2067
2833
4499
4239
4544
4377
5915
5702
5021
4001
4986
3243
2794
2122
5159
5179
5442
4690
5929
4926
3810
921
5238
5056
6058
6187
6848
6170
4367
5976
6674
7067
4338
4471
4155
5466
5407
5764
5764
5506
4803
4941
4764
3443
4035
1145
4012
4367
5199
5483
5764
6324
5828
5872
5697
5056
2473
1832
5290
5334
5014
5611
6714
6281
4279
3640
5258
5395
4396
5290
6420
6733
6300
5327
3443
0
0
4971
6053
5925
4640
4699
5644
6351
5448
5466
5818
5707
6106
5665
6324
5595
4948
5159
6644
6199
5649
2774
4570
4079
4405
5219
6763
6505
5395
4218
5125
6277
6170
6720
6701
5471
3021
4903
5084
4640
2774
4249
4788
4640
3210
4289
5985
5833
5494
5511
6405
6141
3259
0
4858
5477
4926
3003
5264
4948
4526
5056
3572
4112
3989
6158
6554
6740
5754
5132
3488
5425
775
4197
4858
6174
6106
5754
5843
4208
3398
1386
4229
0
2379
3210
5364
6195
4780
5686
6265
5125
4462
3896
6004
5132
3613
2122
1145
388
3810
1801
4731
5159
4269
4819
4443
5442
2734
0
4357
5413
5407
4499
5315
5014
3978
3810
5707
5920
5891
6491
6382
4881
0
3908
6571
6512
5813
5098
5784
4764
3810
4289
6119
5014
3413
3681
5021
4963
0
4396
5425
6465
4144
4858
5606
6568
5327
4918
5739
6013
2403
1801
4090
5315
3530
3502
0
2872
671
5511
5957
5934
5774
5578
5448
4740
5929
6158
6080
3488
2518
4597
4723
4068
0
0
4367
3772
3259
3989
5056
4405
0
4405
6132
6013
5172
4544
6022
4090
4186
3572
5270
4259
3966
2966
388
0
4772
4122
3746
5309
5611
4249
5245
4035
4480
4803
5967
5896
5511
4811
5718
5315
5063
5627
5192
5199
723
3143
4499
5750
5676
6529
5077
4865
4001
4588
6106
6022
2305
3733
6343
7105
6435
6145
6582
6320
5483
4508
6817
6979
6684
4186
3488
4338
5882
5511
4918
3733
2671
1102
4623
4963
4780
4122
3443
4780
0
3353
448
1705
2774
3772
5466
3785
3572
4197
4640
4865
3259
3931
5843
5723
5813
5460
6136
5562
3586
3473
5084
3057
1187
388
5296
6158
5466
5277
4993
4122
4690
3896
5857
5321
4993
4452
4614
4948
4023
4396
3160
5063
1893
3413
0
0
388
2426
4605
4001
5063
4508
5007
4155
1498
4279
4648
4434
2833
0
4090
2330
5192
5813
6457
5784
1013
4299
5395
6575
5395
6347
6289
6494
4562
5014
5425
4941
0
2450
4623
5172
2833
3383
5471
5654
3835
3640
4723
5494
3822
2280
5104
4640
3613
3667
5258
2228
2067
562
4579
2966
0
3835
4279
506
0
3210
6170
6416
4764
0
3243
4640
4858
5199
5943
5833
5159
5578
6599
6115
5691
4926
4858
4993
0
3896
2563
2774
671
3822
5848
6097
5489
5985
5981
5595
2426
3966
5813
6273
4772
4208
4588
4499
3126
5104
6245
4443
3039
3586
5739
4941
0
2254
4588
3955
0
921
2813
2149
4842
2228
5118
5528
5334
5251
5697
2891
3640
1498
5595
5867
4035
4046
5172
6236
2305
3092
4811
5567
5867
4367
4640
617
0
3306
6110
4740
3074
2891
5804
6195
4489
723
0
617
5251
5466
6351
3943
1893
3746
3572
3275
0
2607
4229
3746
4046
0
3544
2496
2713
968
3530
5186
3733
4780
4963
4452
1269
4186
4462
0
3681
6026
6885
6232
5042
2585
4155
1308
2650
3398
4012
617
3057
3797
3337
4090
2813
4405
5407
5872
5118
5021
3160
4328
5028
6316
5925
5377
3368
4903
4881
3126
3884
2067
5172
5744
4640
3772
5448
5739
5370
6089
6823
6153
2650
2833
5152
5707
4318
5327
5784
5534
0
2650
4665
5277
3586
3558
5649
5789
4122
327
3530
5199
4562
3835
5277
6183
5915
4948
4508
1983
2426
2563
6336
5739
3978
1461
4144
4269
1983
4544
4001
1386
2585
3966
5238
5584
2734
3627
4971
4963
1187
874
1638
4471
0
3810
1013
3290
5035
3092
4424
4357
4731
3021
4665
0
0
3502
6240
5511
3368
0
825
1672
2305
3003
5166
4279
0
1983
1638
3143
0
0
4308
3759
4740
5238
5528
3654
3759
3746
2403
0
3074
2067
5139
5419
2039
0
3835
5245
5754
5976
6245
4657
2713
2149
2872
2149
1145
2473
5595
5718
4993
3707
3896
0
3092
3039
0
3057
1738
4948
5334
0
1832
1534
6075
5477
3586
4318
2202
4535
4665
1705
4508
5258
1461
4023
5000
5283
4023
5056
4405
3488
2305
2354
0
2305
2563
3640
5660
5014
5296
4948
5990
5702
5302
4338
5578
4723
4570
2067
3835
0
2094
3955
4208
0
4723
1145
2774
4544
0
874
4186
4508
1801
1269
0
4101
0
4405
2713
3759
3021
5021
5063
5056
3884
5600
6053
5219
3039
4756
6093
5528
2149
3443
2585
4640
4562
3473
4597
4597
3383
4218
4631
2305
2496
4090
4499
2713
4842
1102
5562
5764
5460
4155
5118
4881
4772
4122
5425
4279
1770
4690
1705
4740
5606
6170
6609
6075
2852
0
1923
3694
4570
5035
2330
3558
1461
1770
2518
2149
1461
1386
2650
4112
2833
4386
4640
5014
3835
5035
6035
4772
825
1347
2929
4665
5528
5660
5540
1058
3613
4165
5104
4788
2228
4648
4122
4803
874
0
2039
0
0
4699
4993
4057
775
5000
6013
4249
133
1498
5739
5622
3398
0
3989
2607
3259
3177
4788
0
0
0
4819
4377
2966
4690
5192
5014
2671
3627
5460
4588
4526
4933
5383
4367
3667
3835
4249
1013
2202
1832
4631
4279
617
2984
0
2496
2011
1705
3544
4756
1801
1604
2011
4012
5145
4508
5460
1705
2254
0
3654
3143
5277
3681
1801
5132
4279
2496
448
0
874
2176
1013
3428
3544
4740
5199
0
1269
1604
5784
4993
3306
0
0
2754
1229
1770
0
723
3226
2254
775
2426
5448
5000
775
4357
2852
0
1801
2426
0
4249
4396
3955
4308
4415
1424
4357
4480
5225
5828
4993
0
2984
4035
0
4308
5528
5152
4259
3920
1672
1770
3488
5370
4918
4803
0
723
448
2671
1705
4452
2094
2671
327
6296
6453
5139
0
0
4338
5813
5413
4640
3835
5212
6013
5882
6216
5906
4956
64
2228
2852
3989
0
3810
2692
4269
3613
5132
4508
3931
1534
3021
4614
5430
3908
4239
3810
3322
1187
4090
4434
2067
1983
2228
3226
0
1893
0
4001
4682
3488
0
617
0
3306
3194
3383
4535
5302
2354
4903
4881
0
825
200
1923
0
506
2891
2734
1498
4289
5517
4850
3989
2891
4544
5125
5545
5179
6224
5534
5471
4165
3920
3074
2450
2984
5425
4046
1461
4648
3920
0
0
2305
3259
4956
4780
3733
5665
5321
4239
2149
5199
2713
5186
5014
2713
4674
4299
0
3160
562
4023
3160
1498
0
388
3074
4926
2379
3160
3143
4834
6026
5179
5627
5540
1269
4971
4259
2607
5251
3733
5179
6026
6240
5028
5660
5494
4588
3039
3337
5413
5352
1498
2379
0
506
2585
1801
3502
2794
200
775
5192
5225
4249
3226
1638
3290
2929
5056
5483
3337
0
0
3473
3872
0
3443
0
2541
3057
2518
3920
5063
3720
3599
3383
4133
2774
2774
0
2891
0
0
3931
3785
2984
0
4535
2254
0
3368
2650
4057
3733
4553
4748
4144
3943
0
3353
4811
2450
2833
5734
5644
4517
2947
4122
4553
3785
3194
5219
1983
0
0
5139
4367
3428
3613
3733
3785
0
0
4434
4588
64
2774
3759
1145
1424
0
5000
2585
0
3259
2872
1604
4723
4562
4133
3160
327
1801
5862
5098
4269
5179
4367
4035
2754
0
4553
2039
0
2305
2984
0
1893
2984
5245
4101
3931
3443
0
2563
448
1229
3458
1386
1604
3544
3908
3859
200
562
3847
0
4452
3640
4614
2176
0
4731
4819
5957
3835
4443
3488
0
4597
2518
4186
3322
265
2833
3746
3810
0
0
0
0
5007
327
4795
5910
3074
4526
5460
6316
3884
3966
4023
2833
3210
2403
3194
0
1770
0
5056
4023
0
0
4308
2872
2379
1145
4858
4640
4788
3978
4079
1534
0
3210
4035
2650
4780
3654
5077
4888
4570
5186
5528
5929
5882
6245
6040
3613
0
0
5084
4941
4941
4133
4452
3243
3003
5098
4834
4452
1347
5789
5877
5091
2228
0
0
5035
968
1983
5327
2379
1832
2734
2518
5139
4357
0
5166
5205
3872
3003
4588
5159
4788
4780
3143
3920
5302
3654
1569
0
4338
825
3210
4986
1534
2650
0
3353
5517
5205
5843
2563
0
1534
2176
3707
4299
2039
6431
5967
2671
2403
4811
5595
5430
3599
4850
0
2910
3810
3572
3516
2354
3275
388
3488
3210
3368
4740
2202
1424
5118
4896
5665
4101
3759
1424
0
1145
562
2426
4239
2794
4367
5660
5340
3544
0
4480
4289
0
3896
3488
3003
0
4462
6543
5723
3920
1229
1983
0
3884
2149
4788
5296
5567
4579
5091
4993
2202
3681
4842
4218
2966
3353
2585
3746
3488
4553
6677
5999
4690
1145
3177
4057
2650
4452
5118
2734
4079
4144
3896
5042
5477
4299
5600
4553
6195
5562
4544
3955
5125
4570
2966
4614
4279
723
5723
3835
1308
5460
562
2833
775
4122
4090
0
2872
0
0
1058
4386
4963
5179
5843
5315
4963
3544
3210
3896
2379
0
3057
562
2852
5649
4197
825
5334
3516
5290
2426
1923
4239
0
3586
3259
1269
0
0
2354
5199
4308
506
4508
4715
3143
2734
1893
0
2176
968
4176
5707
5407
3822
3259
4570
3810
0
1832
5383
5906
5111
3143
0
2650
0
4462
5934
5327
3413
1498
3920
2671
2713
5251
4888
2872
1386
2813
3694
1229
1461
0
3516
4377
3383
5872
5896
5676
1187
2910
4057
5283
4208
4462
5179
2450
1347
506
4001
3667
4834
4396
5728
5159
4480
4122
4834
4811
3443
2891
1308
1893
2011
0
1738
2929
3694
4508
6216
5035
0
4535
0
1386
1102
2379
5172
4289
617
1013
2149
3599
0
133
1534
1893
4367
4903
4499
4764
4640
0
3785
3978
2563
3847
4386
4144
265
2067
5277
5644
3458
5789
5750
671
2929
1953
1308
3337
0
3733
4186
4858
4101
4690
4197
1145
2149
4023
2473
562
3530
0
1604
671
3259
3896
0
4396
4834
5511
5258
2966
2585
506
3978
5562
4740
4489
3694
2379
4780
5454
5352
2254
3572
1801
0
64
0
3443
5962
4903
2910
448
3383
4896
5442
4057
4614
2984
1347
0
4424
4489
2947
265
4308
968
3057
3003
6153
5186
2713
2910
775
1863
0
4386
3627
2754
4046
2518
4665
5483
2794
4057
3544
0
4357
3259
0
5035
5315
4269
0
1953
1638
0
4348
2541
4197
3458
5283
3733
1672
3443
4424
3210
3772
4377
5627
2833
0
2794
3530
1983
5327
3822
0
3746
3835
4963
5872
6328
4731
5407
4657
3530
3835
0
4993
2228
4562
2473
2305
0
4328
0
4348
5035
0
0
3810
5118
506
4249
3530
4772
5042
5172
2966
3613
2607
4508
5407
4811
4090
5302
5477
3109
4471
2984
562
64
775
3143
5611
4570
2947
4186
4640
5098
4819
2149
2403
3884
723
0
0
1893
4001
3443
3226
0
562
0
1424
1738
3473
1534
5352
4740
1893
3720
0
1923
4562
968
3613
3458
265
0
4068
4535
4338
4948
5077
4605
2910
4249
5238
2628
4896
4186
0
3057
1534
3353
0
3847
3694
0
5804
5644
3003
723
3368
4443
1705
1983
3473
0
3955
3368
4035
2891
3057
0
4971
5035
0
3160
3488
5340
1269
0
200
1308
2794
1013
2628
4357
562
0
4308
3243
4338
3955
3290
0
1424
1893
2011
5389
4208
1269
4640
2692
1638
4405
4614
2929
133
3530
5098
4657
3847
3057
5562
1386
4144
4588
968
3226
2607
5436
5179
4452
3654
1013
0
5277
2379
2833
3368
265
4001
1386
3978
5799
5302
5125
5728
0
3908
3955
5035
5118
3226
1269
3681
0
3003
3458
825
2067
1569
3177
5179
0
4122
4289
3259
2947
2585
4367
1983
2628
133
1770
3243
4239
3544
4865
5296
0
4165
3398
4046
1863
3931
2947
3989
2966
2067
4614
6232
5627
1983
671
3733
4090
4299
3613
2011
3057
3443
1145
2518
0
0
1386
1229
0
671
3884
5534
5681
4614
4690
5477
4881
3920
1058
4012
3177
3920
2833
3572
2149
2713
4690
1498
0
671
2891
3908
5084
3759
3586
4338
2774
723
723
825
3383
4462
3488
4748
3160
3810
0
5739
5077
4605
3275
4471
2713
3243
3978
1770
133
3398
0
3908
3322
4834
4614
6119
4035
2149
1738
5159
5186
0
1058
0
1013
0
2794
5238
5454
2966
1983
0
4489
3544
1705
4144
4948
5925
5676
2426
2563
2692
5370
5562
4012
4570
3473
3654
3955
0
2354
3654
0
4415
0
4858
5334
4640
1534
3694
4424
5713
5862
4811
3785
1534
2692
4057
3859
1705
4218
4367
5676
3428
5258
5985
5578
2254
4873
0
1145
4101
2852
4699
562
1187
825
4424
3572
0
0
4259
4279
3226
0
0
2774
2011
5454
4707
2518
4588
4452
4186
5014
3194
723
0
3797
3920
3694
4597
0
2628
562
5818
5466
5483
3398
2330
3613
4665
2833
6040
6324
5370
3822
4357
4101
3398
0
1269
1269
4699
5315
5906
4229
0
0
3177
0
4415
2094
4012
5686
2254
617
0
1269
4318
3003
5395
5595
388
4155
0
3759
5494
4811
4834
5219
4526
3896
3306
3613
4122
4740
5389
2713
0
0
4462
1386
4424
2929
5315
4318
0
0
5309
5430
2228
0
1534
4155
2966
1604
874
0
2754
1145
3126
3599
0
3572
4780
4780
1801
2754
0
2330
4338
2929
4023
0
0
2426
4259
4993
4023
3544
2713
265
1269
0
0
4499
5654
4318
4443
5407
3599
874
3772
3074
775
1424
4308
5915
5471
1604
5290
4948
1770
0
4865
5407
2713
4665
4993
3572
4122
4249
2149
1672
3428
2354
3810
2228
0
2305
1569
4480
4926
3057
4489
2149
2754
2149
5477
3884
4993
4526
4993
2354
671
1604
1569
723
2947
2713
2228
0
1308
3586
2910
874
3884
3057
4155
2774
0
4186
5098
3443
3572
4186
2713
4881
5166
3413
3859
2122
0
0
3458
0
2628
3443
3109
200
2833
200
3126
5098
4588
5981
5789
3092
4090
4186
1604
2628
4443
3908
1498
3109
1498
2585
1801
3259
4415
4764
3290
5104
5179
5389
0
3003
5523
5302
6281
4699
3398
3654
4903
2872
2541
0
4338
4133
2563
0
3599
4715
3667
2984
1308
0
1145
3259
4396
3194
3989
0
5334
6224
3759
4090
5225
5077
3275
0
506
4122
6071
3516
2947
3681
4357
4386
5638
3599
3057
3613
1893
0
3530
2379
6049
5315
1801
0
3797
5638
4623
4699
3627
4338
3955
4001
1187
4535
388
4057
5906
4665
0
2254
2176
3210
2734
327
4480
0
775
0
3443
1145
4588
2202
5104
5595
0
0
3398
4648
5627
5389
4881
0
4357
3627
3306
3428
6058
5321
2518
4338
0
4588
1269
2628
2833
3210
4971
2833
3931
2947
2891
2473
4434
0
4112
3160
0
3275
4740
4434
2650
3847
0
2450
3160
1498
4208
4772
2094
4186
4933
3943
1801
0
5199
1983
0
968
4259
2585
3353
2518
3143
1672
388
3558
2650
5077
4544
3398
2891
4562
671
4308
6561
6423
4218
3920
1801
3177
0
1498
4707
4517
3428
1498
2354
5823
0
1498
0
1308
2947
1187
1705
2628
3772
0
3810
4186
2011
4715
5436
4023
2813
617
3772
874
2011
3733
5686
1013
64
3835
5232
5007
5383
4858
3772
2947
5302
3733
3835
2280
1269
3847
5021
5562
3640
5251
5595
2379
3558
4229
1347
4057
5370
4614
3057
5063
4888
4535
4001
3859
3243
0
874
617
3398
2813
3092
4218
4462
562
5352
4903
3473
3177
3353
1145
2563
0
1308
2473
4811
3694
0
2607
1953
4197
5813
5118
4452
2607
4623
3558
3694
4386
4827
3243
3226
5413
5578
3074
5477
4489
5395
4971
1983
2947
3368
3822
4888
0
3759
4748
2280
4424
4811
4699
4396
3772
0
0
3835
0
562
0
4424
2228
1347
0
562
671
1672
2379
4933
3194
0
0
4597
4690
4348
2774
2518
1801
3413
4090
0
4614
5014
5296
874
506
2833
0
2067
0
3516
0
5192
4948
0
0
2496
3681
5808
1269
3772
968
5091
5545
4499
2947
0
1498
3160
1308
506
0
2039
2305
0
5084
5718
6183
5352
5205
2607
0
2585
723
1569
3920
6281
5264
1893
3109
3759
3640
2774
3785
5713
2450
1058
327
3488
0
3516
1058
5145
4623
3797
1705
5049
3586
3210
0
0
4707
4986
2774
3443
671
3143
3613
2947
0
3160
0
3443
1424
4023
4544
2149
3021
4993
3003
0
4443
0
671
0
2984
4640
3989
3143
4424
5707
4819
2947
3572
4978
5334
2947
0
0
265
3884
4648
2379
1738
4508
2426
775
1347
4452
3003
2774
0
2713
3572
3488
5665
5466
4122
3353
2011
3847
3955
1638
3109
3259
3810
4657
723
3057
4443
5028
64
3955
2650
0
0
4046
3943
0
4699
5283
5442
723
0
4239
3530
0
2149
3210
3931
388
388
1145
3989
4631
4764
1534
0
0
1738
0
3074
775
4068
2450
4535
4674
3943
5159
5352
2910
3955
2011
3978
4229
3822
3931
4424
4588
4699
5477
4665
0
2379
4648
4544
3443
874
3640
4186
0
3143
2305
3872
3931
3109
3654
1013
3599
1738
0
874
1705
3177
3322
1893
2563
2518
5534
0
4155
4788
327
0
3502
3772
1832
4101
1638
388
265
4896
4197
2891
3368
5084
5042
4218
0
1705
2794
0
2518
0
4903
3835
0
3306
5853
5283
3057
0
4933
968
3259
4665
1145
1705
3822
2473
0
0
327
0
2774
4090
327
4434
3443
921
0
3502
874
3353
3516
0
3835
1863
2650
1604
2910
4674
5413
3884
4165
4756
5283
874
0
2833
4715
775
4405
2650
6257
5744
4508
2984
5419
6312
5021
2122
4462
4858
2094
3530
5370
5833
0
4367
1923
2833
3884
4338
5407
4535
3275
0
4819
4690
4090
723
4756
3530
4517
4614
6093
4827
4279
5370
3847
2094
1638
4544
4597
4239
0
200
0
4434
4133
3920
0
1923
4001
2713
3989
4570
4357
2585
4614
0
4046
4834
2039
4544
4289
0
5098
3810
0
1498
0
4699
5477
4850
3785
968
4318
2094
3694
3654
2929
5528
5132
6040
2496
1863
2122
0
2473
3772
5962
6220
3177
1953
0
1145
2947
1461
4562
5098
1308
5296
5848
6106
5118
4122
4526
3210
3989
5315
2094
2833
1058
2067
0
3884
4318
3613
3109
1013
0
4748
5315
3707
3694
2585
0
0
2713
4707
0
4377
1604
4090
2426
825
1386
2067
4881
4068
0
5277
3398
3733
1893
0
5413
5477
4452
3931
4001
5232
0
2094
0
3353
3443
3746
265
0
2228
1534
4218
2713
2872
5000
1801
671
0
775
4452
3109
4208
5477
4348
0
0
2254
3413
3194
3398
3057
388
0
506
0
448
2607
0
3160
1863
1705
2628
327
4562
4197
2067
5460
3733
0
4903
4308
3558
2774
2891
3259
5660
2910
3398
3473
2149
671
4971
921
3978
4046
2966
1953
3516
2929
0
2305
2228
2228
3694
3502
3290
4405
5132
2852
3353
4186
3194
4239
5578
5929
0
0
3021
5035
2067
3707
2833
5442
4903
4443
1738
1983
1672
1269
723
2650
4903
5413
3810
3337
3226
2149
4452
1461
3353
4648
4218
4764
5676
4289
4057
5649
4057
3243
5063
4788
265
1863
2039
2330
0
1145
3530
1145
2774
3368
4186
1269
1498
1229
4133
5077
3290
2872
0
0
3243
133
4690
5212
4535
4001
5540
3558
2754
3502
5728
3109
3759
0
5425
6089
5578
3978
5219
3194
3613
388
2149
0
1347
0
0
3353
3353
506
3733
2813
3057
4648
5283
5340
5334
2692
562
2713
2852
0
2628
2496
4023
3443
5042
5425
4715
0
3810
3383
2122
2305
2929
3544
5179
3126
0
4144
5049
2585
4795
3021
3003
2891
968
3978
1923
0
2176
1145
5315
4462
1953
3398
0
4562
5098
3920
2984
4764
0
2585
0
4588
5500
5823
0
4640
5014
5627
3654
3443
4357
3383
2254
0
388
4508
4328
5915
5707
3943
3966
0
2671
3613
3502
2734
1672
2984
5172
5132
723
671
0
1145
3966
3473
506
2563
4682
3003
3516
4367
617
2202
0
1638
723
1801
3003
0
1983
3733
0
2518
3847
1738
0
2910
1863
1569
1386
3398
4640
5277
3558
3290
4471
4090
723
2473
1893
3226
1983
671
0
0
3092
2585
2891
2094
4023
2628
1145
1893
0
2585
2563
2929
3443
4588
4858
3226
2833
0
1801
0
200
388
4918
1102
2496
0
5021
5035
2496
4208
4535
2305
4269
3473
3160
4657
2650
3530
4707
4462
3021
0
2671
4723
6316
5915
617
3530
0
1801
0
2650
1863
4553
2563
4443
5264
5442
2496
3681
0
2813
0
1498
3337
388
4279
3306
3530
3558
3368
4788
2122
2774
2176
0
3627
3275
0
3681
4208
3143
3413
4249
3428
0
5007
3306
3428
4508
3003
1953
1187
0
4480
723
1638
3398
4740
3109
2713
1269
3772
4535
0
0
0
3488
1013
1187
1893
562
1386
2910
4452
1893
4186
3599
0
3613
4834
3759
4415
3353
3544
3039
0
3694
2628
2563
3177
0
0
4553
3243
200
4819
2984
4208
4764
3835
874
2122
2067
0
4811
5370
6062
3428
5035
4424
5430
1269
1461
2813
3259
4415
5534
6170
4948
4208
2067
5219
3194
2754
388
0
0
2966
2833
4756
5611
4068
2774
2354
3884
388
671
1705
1638
4176
3443
0
1638
0
3884
5500
4090
2122
2094
5784
4289
4588
1863
4269
3558
1145
3275
5477
3275
2774
3694
4811
3720
0
4788
4090
5172
5199
3613
3428
0
3797
5676
2910
1386
3413
4764
4956
3530
0
2122
3978
0
4176
3039
2379
5000
4057
3733
3746
5644
3810
2929
3797
1145
2563
4057
5205
3822
2852
0
5477
5589
1953
4176
1269
0
2713
3259
388
1801
0
1983
4424
2122
4279
4682
4068
3259
5219
3126
3859
5296
3126
723
0
1832
1983
1801
3694
1269
5364
5511
0
4640
3707
0
3109
0
1424
0
3259
2305
4090
4269
2330
2910
2403
1705
0
3443
1461
874
3558
0
0
1347
5739
5258
1604
0
2011
0
4723
4434
874
4690
3746
4499
5799
5833
4788
0
3797
2450
0
1058
388
1386
3544
4588
4415
1801
2713
0
3694
3720
874
3810
4279
3847
3322
4788
5943
5578
2473
0
448
3613
5556
3443
2966
5212
3530
4289
5007
3966
3226
0
0
1386
5159
2929
3092
3785
1308
0
4218
5277
4405
4740
4279
3896
723
2518
4811
6022
3847
5166
3847
4657
0
4723
5340
5686
3306
4462
1923
2330
2585
3143
6075
5334
4834
2094
4740
0
0
2754
3759
4218
723
3989
4462
3368
2426
0
5077
2984
3908
5540
4035
3733
4665
2891
2541
1269
2518
1058
2628
0
1187
2754
2813
4588
0
1801
2094
5401
3733
5929
6355
5882
2403
0
4993
4986
3797
1863
2149
2563
4279
0
4023
2067
4249
4489
0
0
1983
4948
6026
5401
3989
5436
3021
2734
6343
4208
3057
3955
200
4993
6236
5828
1347
1604
0
2891
2450
1269
3613
4740
4850
4508
2473
0
4715
1013
3694
5346
4674
3872
4144
0
1187
5007
6550
5813
4396
2426
2929
1347
3681
0
3383
1347
3733
5407
5857
4588
0
1269
4079
3720
200
2910
4090
3530
2563
1863
4176
5389
3797
0
4764
4057
0
3733
5425
4803
3797
1801
388
3383
4699
2011
6080
5853
3908
1604
3259
0
1983
5395
5962
6281
4956
2330
4112
3126
2094
2067
5283
5430
3931
0
0
2228
4197
2379
3290
3785
1953
0
4788
5929
4640
2379
506
0
1386
3353
5517
5967
3822
0
4318
5179
5862
5676
6067
5077
2280
723
5125
3306
3306
562
2734
0
2149
0
4648
3398
3057
0
1953
3613
1145
968
3109
2228
2228
3259
0
1013
3746
4023
0
0
3322
4978
0
200
0
0
4338
0
2650
4396
0
1145
3109
1102
0
3398
1102
2305
4723
4144
2713
200
921
1187
1347
2713
0
2149
0
3109
3306
3694
1863
3074
1801
2563
2774
3920
2149
2929
0
0
825
0
825
1604
825
775
4197
2228
4023
3177
4819
5617
0
2228
3398
4057
0
4396
1604
3074
2774
2585
874
0
3353
3210
1461
874
0
2176
4597
3109
3931
3488
4740
2067
0
3177
4993
1801
4834
5448
5489
1770
3640
1983
4535
4597
2518
0
448
1953
5028
4308
0
0
2585
3210
3558
2813
1893
1498
1604
4834
3667
0
2929
0
3627
3586
4911
1738
3558
0
1347
0
3306
2585
3627
3586
4338
3160
5442
2403
2734
388
3772
4101
4218
4605
3872
2450
1145
617
3458
3160
4001
0
4396
0
1638
4631
2518
3092
2734
921
3194
0
4218
2754
4562
5035
3586
4101
4434
3109
0
4819
3785
3835
4279
921
4023
2891
4597
3989
2330
4517
2734
0
1308
2518
2563
2280
0
2228
0
1893
1145
0
4811
3785
506
6132
5352
4249
2379
3458
4338
0
4740
3613
2354
2228
0
4499
6386
5152
4715
5595
4865
1953
2852
0
2929
0
3443
0
4715
5784
775
1534
2692
2872
0
2563
4046
4665
3733
3488
4012
4731
4405
5466
4881
4443
3109
4269
0
0
0
2813
3275
3772
0
562
200
2305
4780
327
4239
4707
2794
4079
0
4133
3143
1498
2585
2671
1386
3572
723
0
723
2713
2872
1461
0
2011
2852
3259
3109
3160
1923
1923
5212
4707
5035
2947
2929
2228
2872
2671
0
3259
3160
0
562
1013
4023
2067
4012
1672
2585
2852
5056
1638
3835
3908
0
3398
4239
5035
1893
5654
5794
5867
3558
4269
3931
0
2628
3337
3654
2354
2426
3516
4424
3558
3847
1534
4348
4068
0
3572
5633
3074
3160
5277
1863
2354
3398
4640
2379
4218
3306
1347
2774
2774
3177
0
3226
3502
0
3353
4731
4674
3488
1770
4842
3884
562
0
5327
5056
0
0
0
1801
5638
4471
0
1386
0
4424
6183
5774
4338
2692
5084
4068
3859
5389
5838
5199
1386
3627
0
0
723
2947
5084
5070
5460
2518
4012
3322
0
1424
3210
4023
327
3835
4873
4229
4764
3989
2852
0
1498
1738
1604
4155
3530
3613
5014
4186
2947
2518
1424
0
874
2585
3306
0
0
0
4811
4834
4112
2692
874
2628
3259
3074
0
968
4858
2541
1863
1058
3109
3443
4648
4405
5152
4259
4396
0
5199
5707
4023
0
4405
3599
2067
1386
1461
1498
4888
0
4888
3226
3746
5014
4665
3290
0
4186
3530
4279
2067
2518
2794
3896
3978
2067
3955
3733
2039
775
1801
0
4144
0
4001
775
4218
4133
0
3210
4723
3530
2354
3275
0
0
0
3586
2067
3694
3126
3759
921
1386
388
1604
3847
2330
3458
3955
3627
0
2202
3337
4682
3259
3989
3640
2094
0
4956
5035
562
1386
3920
4834
3884
4367
2671
0
3599
0
0
1013
3337
4279
4614
5460
5277
0
1738
4338
3859
2379
4480
3797
0
4035
1832
1672
5104
4133
0
4941
4035
3654
5000
4348
3398
723
2305
2094
2149
775
0
1145
4535
4308
0
1461
3720
4699
1983
1705
4834
1923
3057
4377
388
2891
5734
4588
4803
5545
3368
0
327
4926
2094
5277
4289
0
4819
2833
2176
1604
3160
0
3259
4197
3810
4144
3473
3160
3847
5035
3290
3920
3707
2403
1269
448
3810
4579
2254
2149
0
0
4218
5179
5994
5511
6308
5098
3337
0
3654
0
4308
0
5929
5139
2305
0
4674
5077
1534
1923
265
562
265
2984
3194
562
4881
2833
3989
4489
2149
3943
0
133
0
2774
0
2891
3109
2891
2330
1386
3707
2563
1893
4424
3872
4499
4657
4553
4665
723
2067
6067
6022
5723
3884
3746
4101
1386
5617
4605
0
448
4795
0
5460
5238
3931
671
388
133
2984
4176
3530
2628
2833
0
0
3586
4489
4218
0
1604
5506
5225
0
3920
5985
6627
5258
1145
1461
4535
4090
2379
5644
4903
3306
0
3210
4424
3306
1832
0
0
3092
2891
3694
3613
3896
2585
0
2094
2149
2067
3822
4918
3759
5606
5098
3772
4665
2628
5159
3733
0
3785
4279
4367
0
1832
4535
4249
3530
2754
5049
3989
0
0
4377
3544
0
1923
2426
3074
0
4803
5264
3057
4176
2929
4415
4122
0
0
5364
4911
2585
0
0
825
4715
2650
5697
5660
3640
4756
1498
2228
4993
4046
4963
6547
4614
4631
1738
4588
1953
0
3243
0
2734
4640
3681
4489
0
5035
5077
6257
4553
5035
5823
5545
2039
3667
1269
921
921
2305
3398
1013
3021
0
4176
4452
2518
2305
3074
2149
3847
3847
2149
3627
4338
3530
5789
3810
1953
1604
6158
6487
5506
3322
2067
388
3039
0
2426
133
0
4888
6795
5277
200
2774
2305
1386
2692
1983
2094
3259
4963
3194
874
2254
2122
1923
2984
200
5436
723
3109
921
2734
1498
4788
3966
3413
1801
3337
3160
3872
4971
5665
4588
2426
4489
5867
4186
4112
5962
4811
0
2379
4526
2947
2833
2794
0
0
3177
5915
3896
5145
6289
5617
1498
5556
3337
4682
2891
5159
4396
775
0
2910
3226
3847
4480
0
4348
0
0
1705
3413
0
723
825
3398
4941
4842
4239
4299
4443
1145
1604
1638
3488
2891
2628
2039
4562
4948
5999
3322
4535
3530
5789
4535
4165
2541
3785
3458
3039
2094
4367
0
2254
2984
3226
2650
0
0
0
5364
5910
5578
617
0
1534
0
3943
5567
3884
4443
874
0
3920
2891
5739
6308
5340
4588
5528
5691
4386
5199
5622
5277
1013
1604
1058
2754
4986
3530
2650
2833
671
671
1672
1672
3516
4090
5098
4971
0
1604
3021
0
2450
3143
1013
3057
0
3259
4165
3978
2450
3039
2067
3558
2833
3443
4208
1229
1347
0
2585
1534
3694
775
5334
5358
4480
5627
6026
4858
3572
4299
3772
3210
3966
671
2379
1604
3337
3654
4001
3931
3759
0
617
3177
5886
5644
4186
1498
2450
2713
2671
4079
1801
5321
4249
1424
0
2891
4657
775
5159
3516
5007
5063
0
4144
0
671
2067
2541
3835
4748
4377
4079
5754
5448
4023
0
4348
1672
1705
4623
0
3368
4665
3810
4535
4367
0
4471
2039
1738
2067
3797
5813
4715
2176
4971
4328
1187
5007
4978
0
1893
1308
0
2713
3530
0
3160
4648
4508
2984
2984
5377
4570
3884
3772
5660
4186
2122
2607
5723
3720
3746
1386
4858
5460
4249
5014
4415
0
0
2754
4588
4926
200
3092
4229
448
4508
5494
3109
3759
1145
3667
0
0
4443
2305
4338
6347
5111
4903
5718
4993
2910
825
0
0
3368
3488
4597
3810
0
506
3707
4941
4452
4186
5430
4971
3810
0
0
2734
0
4155
4788
4396
0
2122
3667
4756
4443
4544
5334
5152
2713
723
3443
3847
2910
3759
2813
2379
2966
4357
3443
3458
2354
0
0
2585
4827
4133
3835
3428
3733
1534
4933
4926
4443
4948
5035
4197
0
0
3544
0
4218
3488
0
1953
3810
921
562
3884
2650
2774
3443
1923
1145
2692
0
0
0
3966
5843
6224
4858
5139
4834
0
1102
0
4186
2585
388
0
3920
2228
0
0
2518
1893
2176
2852
0
2518
3694
5617
6080
5205
133
4367
2929
4640
3398
0
2910
3681
448
2607
1893
0
3516
1672
2176
2228
4090
1058
3694
1638
0
3143
3733
3859
3322
4348
2671
133
2607
0
3733
2984
2330
0
3275
4788
4553
5681
5413
4614
0
2176
265
0
0
1893
5000
4588
4122
3694
4858
3039
0
3092
5014
3275
3586
2947
3353
3884
3966
5245
4640
2379
3667
3530
3530
5186
5104
4803
5383
4348
3259
1386
3667
2149
2094
0
1983
3746
1424
2734
3694
4218
3275
4299
2984
3275
0
1638
3210
4665
5466
64
5321
5084
2813
2671
4023
3558
0
1347
4535
4144
3413
5334
5702
4057
2692
0
1832
921
3989
4090
1770
0
2426
4299
5494
5277
0
3797
4926
5370
3694
1269
3943
4811
5644
4079
921
3920
1386
0
3835
2473
0
3810
4090
4631
448
4299
6093
4764
0
3092
4665
4249
3057
5035
3003
2872
0
2149
4499
3989
0
3413
1672
0
3544
5352
4338
3126
562
2176
5327
3847
3558
0
3785
4424
3613
4186
5049
4424
874
3074
4674
4640
0
3398
3428
3337
1672
562
2794
562
4112
2149
3955
1801
968
2833
4186
4443
2450
2794
2379
3530
4249
4827
4978
4377
4001
1269
3443
5077
3772
4788
4588
4186
5104
3210
1102
2541
0
1145
3872
4562
3640
4057
200
0
0
4239
0
4888
5383
5277
3210
64
4405
4764
3488
2496
2774
3177
1534
327
5425
3558
0
1604
2734
1424
4748
4328
3810
3383
4665
5219
3654
3530
1705
968
2067
0
3057
0
3502
4197
4471
1705
4690
3599
388
1534
3572
1863
4795
3772
4903
5104
0
2094
5159
2774
4588
4415
2403
4605
4896
4588
5111
1102
3810
3654
4035
4731
671
4112
5118
3057
1347
3694
1832
0
2039
2650
1893
388
3398
0
0
1269
4614
4803
0
1893
1386
3759
3884
5545
5985
4834
1569
2541
2305
0
3353
3516
2671
1269
1187
4090
5159
5920
4842
5035
0
2280
3989
2176
3488
2891
1983
388
3160
3908
5145
5118
4756
5049
5494
4133
1738
4640
0
0
2585
0
4588
5370
0
5192
5340
4090
3057
671
2754
4318
0
3057
2852
825
4850
6599
6075
3074
2011
1461
4731
2833
2833
5358
5611
723
1424
4707
2833
2947
4012
0
2496
4299
5540
1569
3226
968
2966
4046
0
3707
5021
4865
4112
5784
6550
5774
4858
5697
6232
4896
1058
3210
5774
3398
825
2305
3443
3989
2305
2149
1893
2671
3884
3143
0
4318
3943
4788
4811
4707
3978
4023
562
0
4057
3613
1604
5091
3210
3654
3694
5466
2671
3143
5270
5813
5813
5948
5389
5000
0
3488
4570
4517
2149
388
2734
2628
1187
825
2403
968
1498
1308
3092
3306
3275
4803
5943
5754
3544
0
2354
2947
3694
3353
2713
0
4035
2280
0
3413
1893
3572
3654
2202
5199
4795
4046
0
3530
2891
1102
2379
0
4903
5920
6435
4279
4707
5670
4858
0
3759
1604
506
265
1534
4764
3847
3955
2541
5556
5425
3746
1738
3306
0
3733
6220
6355
4865
1534
3694
2650
0
2774
2585
0
0
0
825
4348
2094
4186
0
1308
0
4544
3337
5377
2910
0
3057
4803
388
4819
0
2305
0
562
4338
6013
3572
3306
3353
0
825
1308
0
4229
0
0
3458
327
4993
5901
6128
1461
2794
5225
4764
0
4803
2011
4535
3275
4367
4415
4993
5401
0
2891
0
133
4508
5707
3530
3733
6080
5152
3092
2067
3413
5212
3613
2872
4197
0
2122
2496
0
0
0
4348
0
0
1672
2984
506
2628
2305
4377
0
3443
5028
3759
3681
3978
825
0
0
4715
1923
4133
5578
0
327
2305
5334
2403
2713
0
388
3810
0
4186
4396
3955
4338
0
4499
4101
0
2228
1308
4186
200
1893
3544
3572
1638
4279
5442
4079
3810
3473
3896
0
2692
3640
3978
3143
0
3003
4535
0
1498
3654
3759
4090
5166
6220
5877
5606
4896
4289
0
2254
0
3810
3003
1983
1229
3733
4788
1102
2563
2585
0
3627
0
4956
4308
3488
0
3337
2518
5111
4338
3694
4858
3039
0
4657
3772
1102
2713
3353
5035
0
3057
3243
5999
6136
5166
5511
6228
4657
0
2713
2305
2774
4155
4865
4001
1705
2966
4218
0
5056
0
2305
3353
968
3398
5370
4452
0
0
2450
3989
1672
617
775
921
0
4101
1308
874
1102
2650
133
0
5063
1347
2011
5077
1229
3759
3126
200
4858
4756
3398
2202
4229
1013
4896
0
3943
1983
5346
4570
0
1638
3544
2607
5000
4434
0
2067
2379
968
671
3488
4068
1801
5990
4279
2984
4508
1534
2713
0
1923
3057
0
1308
3039
0
1386
2149
1498
2039
2426
3694
4396
0
0
562
3558
5186
5723
4690
3177
1801
2280
0
3654
5042
0
1534
3884
2984
1145
3003
2426
4144
3810
4780
3057
4112
617
4165
1498
617
2354
3306
4623
2628
3143
3488
0
1801
775
388
4249
4896
1187
3383
3989
3259
200
3243
2354
3458
4597
2354
3413
5199
4405
1604
4715
671
2852
874
1145
0
2379
2947
0
4978
4665
1013
3847
4012
2692
1498
874
2426
1498
64
4562
5334
4023
4046
3109
2910
2713
0
1672
2774
2354
0
1893
4396
4933
4640
4367
3160
2947
2330
3627
4605
4756
0
3488
4424
4723
3810
3530
4165
4023
4579
3074
5551
4218
4588
4144
3847
2774
0
3458
4614
1269
1498
617
1013
723
2094
723
3733
3681
2450
3810
3443
2067
4218
3259
0
921
1058
2541
5534
4748
3502
2754
4279
3516
4386
1229
3707
3694
3275
4046
3074
1534
4023
4308
1058
3572
5258
5205
5192
4911
4122
4279
4259
0
4308
5540
200
0
0
2563
2607
4186
4715
1801
3810
723
0
2671
0
4941
5466
4279
3746
5290
4948
3640
0
3896
4971
3884
2354
2202
1604
2122
3126
0
2330
1983
3847
3859
4723
0
723
0
2149
1923
5660
3502
3707
3884
448
1983
3443
2149
4674
4396
1498
3733
3039
0
1863
4971
6308
4948
2650
2774
5556
6261
4764
5251
4377
5460
3822
2794
1569
0
2607
3599
0
3966
4480
0
5622
5296
0
3502
3654
2671
3694
1187
4508
3759
133
4012
0
2354
2628
3092
1534
0
5528
4165
4780
3092
5471
0
4579
5377
2354
2450
0
4993
3785
327
2122
1187
3160
2496
2713
4462
5352
3160
2929
2966
5346
3978
0
617
3847
5500
4239
133
2774
4133
3772
3368
4452
4090
1863
3920
3920
5302
5882
4956
5186
4269
4731
4614
3160
4218
2305
1705
0
1308
1229
0
200
0
3810
3143
0
4122
3039
3109
2650
5014
6162
6785
2794
4570
3160
2450
5139
3978
2947
4165
2039
2149
0
2774
4328
2011
921
562
3859
3337
1013
4526
4035
5042
3797
388
4926
1672
2833
1308
775
2280
5238
4948
3797
0
2713
2518
0
2094
3720
4842
3733
3681
5862
3654
1604
5454
4112
4377
1893
4197
5098
4269
2650
4338
4764
4858
388
3003
448
671
4386
4396
3847
2202
3599
0
0
1893
1672
506
4614
3572
4023
3640
3226
3143
0
4570
4553
4386
0
4101
4605
4338
3733
2518
3143
4553
3003
3847
4090
4508
1672
0
0
4197
4377
3160
4740
5611
4764
4631
5315
5370
3413
1386
5205
5159
4978
1347
3443
0
0
1102
874
3859
5232
6285
5419
3502
0
3810
3306
775
5152
4756
0
1269
3306
0
4308
0
2774
2891
4570
3259
2426
2354
1013
0
0
4155
5723
5212
1801
2354
2496
388
3109
0
4197
2852
4318
5334
2713
0
3353
2910
3488
874
4101
4480
6195
5985
4068
2774
0
3640
5186
5000
1229
0
1386
5232
6316
6216
5084
5697
4986
0
5199
3259
2039
3443
2628
0
2713
4535
3306
3126
3160
3920
388
0
562
3160
0
3226
3194
4480
5401
4386
2450
3572
0
1145
968
1424
0
2379
1386
2039
921
1604
1461
133
1308
0
3667
1983
1738
0
5070
1604
0
2149
5315
5352
5245
6232
6508
5035
0
1983
4562
3772
2891
4057
5967
3654
3955
4239
5595
2254
4165
4926
562
1013
1424
0
2426
3847
921
3613
4155
2149
4665
4614
3488
5192
4971
3613
4605
2473
2813
0
3003
2585
562
2713
1461
1770
5622
5199
3640
2228
5511
4299
1498
5166
0
0
0
2149
4811
2947
4597
5219
0
4279
2473
3613
0
0
4001
4648
3859
4012
6730
6285
4208
1705
4480
5562
2228
2202
2774
4570
3955
5084
5283
5483
1424
0
2122
4948
4348
3955
4229
4377
0
64
1386
3259
2891
2929
6476
4338
1705
4881
0
2305
3572
4386
6093
4918
3353
4858
2426
3488
2671
1863
1953
1832
723
3966
4811
4858
2541
3003
0
4338
1893
1102
1386
0
3694
3259
3720
4186
2496
3772
0
3694
2011
2734
4772
3586
3772
2067
2929
3021
3383
0
4788
2280
2039
3383
5159
4328
0
1347
4068
2563
2305
1269
2450
2450
0
2450
1705
4803
5784
6316
4269
2176
3989
0
2202
2585
4186
5302
6724
6397
4597
0
2202
4101
1705
874
3640
3772
3884
2813
5340
5454
3074
921
2794
3109
2966
2794
2541
1983
0
3003
5000
5212
3667
775
265
2585
1569
4535
1386
2891
4318
3502
5049
5125
4748
4434
4338
0
874
2330
2202
2202
3859
3057
1569
0
0
3896
3822
4489
2607
1953
64
200
5460
4588
5843
1801
1863
4328
0
3143
0
2650
4489
5534
3859
874
0
133
2813
0
874
3443
3383
3368
3530
4526
4289
5540
4834
0
5309
5477
2563
1983
874
0
3003
968
2833
5063
874
0
4526
3160
5769
4740
4218
4348
3694
2585
3586
2305
4186
4715
133
0
1386
2202
3989
671
3443
3733
0
2094
5573
5401
0
1638
2149
2671
2563
1923
2947
2450
3667
2176
3516
0
2450
1145
3859
0
0
4544
5460
2947
3989
2774
3872
0
0
200
4046
3353
3488
5000
3810
2585
4057
3368
1893
1461
1187
3613
3978
2910
2563
1893
3039
3398
3057
4526
2713
0
5769
4526
3920
5627
3822
2650
1269
921
2379
2966
5528
3003
1953
1604
2379
3021
5477
4986
1832
1308
3306
0
3859
5901
3003
4764
3681
0
4001
1923
4144
5219
4480
1498
5872
4788
2929
0
5035
5578
5540
5407
5125
1983
3160
506
4715
4740
4896
5077
6650
5139
2774
4827
2149
3353
3210
506
1102
1923
4452
1863
4023
4480
2280
0
1893
3613
4012
5125
3558
4357
4834
5077
4462
5302
4850
5296
2891
0
1386
1953
4208
1308
3039
1983
0
2176
4723
5321
2450
2929
2541
4338
1424
1269
2966
3694
2947
4259
4197
0
2330
2966
2794
3654
4956
4665
2754
3126
5545
4057
0
1569
5723
4090
1983
4357
3398
3931
3488
4834
1893
388
2122
0
0
1893
5172
3654
0
2650
3822
1705
0
0
4090
3955
3746
4764
2947
5084
5340
3908
3707
3259
2254
4756
5370
3443
1013
1604
4424
2754
1145
133
3640
2067
3572
2330
874
2563
0
2628
4289
3746
671
1770
3039
3810
3896
4881
1269
3126
5728
6017
5166
4605
2149
4424
562
4665
4948
4690
2563
4665
0
0
3160
1461
1013
2254
5886
4279
1604
2671
4218
4819
1832
2330
2518
3160
1347
2713
1770
3502
4690
0
6119
4682
2403
0
3057
3443
2450
3306
3243
0
1308
0
3530
3428
0
2833
4299
3443
3458
3884
3003
3707
2305
3530
0
2585
4699
4079
3884
5166
5528
5035
0
0
775
388
0
3640
0
5159
5352
4415
3259
0
2379
1386
5419
5084
2254
5000
3822
1604
1863
3733
4090
5779
4986
4614
4764
1604
2563
0
2228
3057
1269
0
3810
1498
1424
2852
2039
1638
3847
0
3275
3160
388
0
3210
2379
0
2734
3720
4740
3275
3194
4699
4415
562
2650
4012
3847
5906
4348
3194
4176
0
133
0
1424
2872
0
3613
4657
3544
2628
5077
4971
4452
1102
1269
4562
1832
2947
6097
5578
4057
2305
388
4462
5600
5021
0
0
1923
4462
3822
4218
4858
3989
5556
2794
775
1705
506
2496
2176
4597
4690
1832
4155
1832
2872
3681
2929
3746
2833
2473
2280
2379
2228
3160
1145
3443
3259
3306
3259
0
0
0
0
4834
5681
4665
1672
5436
5794
5483
1705
2984
3516
671
4405
0
388
3772
1498
3074
1013
0
2122
2039
0
4176
921
3654
1269
1604
3759
3884
1229
1705
1638
0
4614
3733
4795
4579
4803
0
2692
1386
4827
4249
2984
0
3428
506
3640
4452
2094
2305
4570
133
2518
0
4562
2011
4941
5436
3259
3640
6067
5976
4665
3443
4424
4186
0
2671
2833
3989
0
4405
4452
1347
3259
0
4903
2713
0
1953
4328
1738
2379
2563
3733
0
2947
3473
4377
2403
3896
3572
4405
3884
4396
3057
5460
2984
1983
4424
6040
5389
506
4764
5159
64
4023
5617
5562
3143
0
2929
4640
1801
3443
3627
3473
5862
6465
5389
3966
4570
2891
4748
4101
200
3599
0
5159
5471
2518
2403
4348
5014
1269
4186
3978
0
3443
2305
921
4338
2650
1386
2650
3772
4357
2774
2692
1705
0
133
3039
2094
5448
4348
0
3502
1983
0
3613
3835
0
2228
0
3092
1893
775
4993
2671
3707
2403
200
3488
3599
1638
617
2947
4553
4834
3243
0
3530
5828
6491
5644
1013
3092
4605
3572
2833
64
5334
5139
2813
4239
4279
2852
617
200
327
0
1013
0
0
3210
3210
327
4834
4318
4499
5953
5049
2518
4023
3210
1058
3109
874
2122
0
3109
1461
4903
3599
2984
3640
0
4122
5370
5042
1832
2518
3413
4462
3306
3143
3955
1386
2734
5436
5395
1461
506
1058
4963
3488
4873
5828
4299
3413
3210
3353
0
3353
1347
5994
5277
874
4605
2713
562
3872
3368
2094
2585
2354
3572
3667
1386
5442
4023
0
0
2473
1013
4452
1308
3654
4279
3859
5813
4155
3275
3966
723
5199
1013
3353
3943
1953
4788
4715
2518
825
3398
562
1013
1893
3544
3092
0
4144
0
3194
1638
2305
4614
4740
3126
0
4452
5077
2947
0
1923
4948
1145
5000
5212
1145
3021
388
1386
4415
2067
1604
1672
2330
0
3884
0
1893
1569
1893
1983
3290
4690
5454
5691
4424
921
3586
874
3488
2563
4239
921
388
0
3530
4562
4896
1347
4535
2713
921
1738
5000
1953
4819
4597
0
4553
0
2872
4562
5166
5104
2305
4657
4850
327
4289
4415
3003
4471
1013
3353
2692
5192
4842
0
1498
0
0
4811
3920
4057
3797
5028
3558
2713
4517
2149
388
2671
0
0
1013
3243
5315
4682
64
2450
1770
4971
2280
3530
3759
3772
3772
0
2228
4057
4842
3210
0
388
2713
4289
5713
1058
2450
448
4079
3337
3383
133
3074
3931
1953
3003
2891
0
0
2774
3160
5296
2518
5152
5611
2692
0
3785
5562
4405
2734
4489
4941
4452
1424
2910
2929
4881
5920
5644
4122
3160
2473
4396
3109
874
0
3797
4452
2541
3694
4165
3908
1953
3640
4122
2426
2650
2450
1863
723
2280
3443
2947
1953
2330
3039
3544
1832
0
3443
4289
4367
3989
0
1269
2149
3822
2833
5084
5872
968
3109
2794
4001
3259
3908
1705
448
1953
388
4249
0
4707
3966
4657
4896
4001
3160
4795
3931
0
3847
3337
3797
0
4090
4640
5238
3092
0
200
4699
4023
4133
2202
1013
5007
4842
4023
2713
5225
1923
4328
3502
4133
3822
2067
1863
3210
1738
4308
4570
5296
5754
5600
5389
4978
5056
4155
0
3306
265
5111
4046
775
0
4186
5056
1983
3259
3530
1638
3092
0
3759
3275
0
3720
4911
5245
3835
4674
2984
1801
4318
0
3847
4715
6049
4971
775
200
0
0
4535
3810
4249
4068
4614
200
2094
0
4535
1705
4197
1347
4023
4452
1269
1498
4090
4911
3488
3797
3810
3488
723
2067
2280
1347
0
2852
1102
0
3847
3654
4911
0
2280
2607
5035
5014
3194
4308
4508
5611
0
0
2518
2473
4289
0
3810
3126
2891
825
4144
4396
921
1229
3458
4489
1953
0
921
4046
0
0
2628
2254
2734
3383
5686
5454
3599
0
4715
4811
4012
5283
5985
6166
3797
1672
2734
2813
3074
5500
5477
5407
1923
5179
6013
5877
448
4480
2585
2713
4811
0
2094
1705
0
1187
2713
0
0
265
4229
0
3443
0
5277
2305
64
921
5179
0
3847
5118
4079
3413
4631
2671
1893
1893
3368
2379
5352
4911
2754
825
4623
4896
3337
0
133
3243
1145
0
1269
2774
4357
3772
0
3143
4318
3443
1983
562
3210
0
1013
1832
3003
2607
5511
3398
3290
3306
4631
3021
1347
2671
2541
1569
4396
2947
1672
2929
3502
2650
5035
5999
4665
2379
3413
0
3772
0
5159
4933
2947
2891
3654
0
3057
388
5258
5511
5600
5327
5489
4715
0
4811
4811
2966
3398
4819
3943
1269
2011
2774
3896
0
1893
1953
1569
3092
2671
4308
1013
2607
4562
2754
0
0
4318
4665
0
2891
1832
0
1386
2473
5511
3746
2692
1863
4811
3544
1893
3092
874
3530
3473
3226
506
3720
5691
5159
448
0
0
1013
4480
4046
3383
0
2379
2947
200
874
4480
2176
3847
3322
2518
723
3810
775
968
1604
3822
4873
4579
2774
3109
3733
5654
5929
2585
2734
1498
3003
5430
5774
4377
0
2947
4956
5670
4756
0
2966
3955
3931
1923
2671
2833
0
1145
3681
4631
0
5283
5622
2149
64
3516
388
4299
4865
2039
2650
5277
4657
968
3989
4405
5159
4057
1229
3733
2563
5506
4508
0
3627
2947
133
1770
200
3210
4386
3759
0
1187
874
1953
2426
5028
5118
1145
3194
1424
4640
4597
4811
4057
3613
3226
5290
5219
2067
3681
3859
2607
4218
3694
968
1229
3599
4665
3797
0
2929
3003
3398
3572
874
4517
4795
0
4517
0
1102
3989
3810
3210
388
4788
4926
968
2734
1738
448
0
0
1013
2305
4715
4338
3337
1893
3177
5192
2929
64
3859
0
4299
3720
2011
2650
200
0
723
2473
1863
825
3955
4978
5929
4614
2426
3772
3126
4023
3847
2149
4357
5401
5283
4579
2094
2496
3872
4562
3627
1801
3194
723
4811
5584
3872
4122
3488
0
5407
5225
562
1953
3586
3473
1569
0
3443
4299
4338
0
265
2910
4811
3694
200
2496
200
921
1705
4249
5691
5389
4443
4780
5723
4665
0
1461
4424
5104
3586
2607
3530
4001
968
2734
4269
2067
1187
506
5118
3443
1604
1424
5179
4155
1424
2518
4489
2852
0
4090
3109
874
0
3908
1386
4690
5007
3733
2496
2585
3290
0
671
2149
0
0
4896
0
2473
0
4452
2067
0
2202
0
0
1672
4176
4690
5670
5111
3544
0
0
2774
4517
5364
4788
1013
3177
0
874
4176
2473
5258
5277
4740
2692
3003
4155
1672
5334
5466
4165
1604
2305
1145
2305
1461
3443
4803
3884
2774
4090
6550
5315
3177
133
4614
5166
3443
2473
723
4480
4155
4396
1145
4748
5352
265
4948
4903
2122
1308
775
723
4631
2067
1145
0
3057
1893
3306
1534
4614
5654
5084
0
0
0
0
0
3021
4544
6022
5523
4834
3966
4788
4057
0
3613
2518
1269
1145
1705
5442
3822
3057
3126
5985
5340
3488
4299
2713
4186
4544
5540
6089
4772
2305
3896
3530
4367
5665
4690
5573
4318
3488
4208
5340
3126
4259
2774
5091
5219
3797
2891
0
1893
3920
3572
1801
4377
3353
4023
3210
0
2713
2891
4186
3733
0
2541
1893
2563
1770
2330
0
2947
4640
2280
3654
5315
1604
3306
2379
388
3243
2833
2403
874
3931
2794
1863
2330
2518
1534
4057
5477
2650
4338
2149
562
3797
2403
0
0
4614
3896
4452
2305
4133
5430
1386
1308
3681
2149
0
0
1893
3194
4834
1269
3109
3443
4740
4434
3398
562
3353
4570
4640
4367
3109
3109
3759
2149
3599
4023
3003
4623
5056
5084
133
4499
3785
2305
2280
2067
723
4239
5511
1498
0
3640
0
0
0
2734
2891
2671
4249
4165
3586
327
0
3613
3872
3458
1638
2122
0
64
1738
2910
0
3720
4318
3613
0
0
0
562
0
6123
5460
3322
4640
4396
4731
3290
3353
3210
5489
5258
506
0
0
265
2541
3057
775
2450
0
4588
5425
5862
3772
0
4597
5028
5622
4588
5232
3160
1229
64
4133
2833
874
1705
4186
3586
3092
4682
3759
0
3572
2910
64
3943
3759
2473
2496
200
3694
0
4057
4155
3785
4279
3797
2541
5212
4218
4318
3109
3720
1672
3884
1983
2305
617
0
3772
200
5277
5315
2473
2305
2563
1832
1983
1863
3978
4462
3160
1638
4819
6300
6158
2426
775
5401
2671
3092
4850
2094
3003
1145
3109
1013
0
3074
3458
562
3306
2403
0
3210
1058
388
4386
3502
2518
2254
3654
5225
4690
1705
2354
1983
4926
2228
2833
1187
2585
4811
1534
0
3259
3989
6013
5799
4480
4690
4674
3428
2891
3057
3003
3306
2094
1102
2518
2426
1672
1424
0
4328
3920
2774
4090
6158
6089
3884
2833
4597
3989
3243
5035
3210
1386
1923
874
3530
4788
3226
4176
5654
5734
4933
3160
1145
64
2149
2628
2280
3458
0
2354
4405
0
1832
1738
2426
1832
4357
1269
5098
2852
2754
1498
4748
3502
1638
1386
968
1013
3516
3966
5091
5848
5091
5723
5578
3259
2518
3290
2794
2176
0
0
0
3210
0
2094
4249
0
0
2149
3931
3989
4186
4926
4434
3654
775
4249
3931
2122
5014
0
5238
4780
0
1013
5644
3785
3586
2794
2496
2149
4308
0
3572
5028
3383
4665
3259
1347
4396
562
3398
2305
200
2149
4605
5014
4526
4544
4858
5077
3797
1770
2379
2984
0
0
0
1863
2403
2122
4057
3143
3772
1983
5212
4218
0
1058
5500
5985
5205
4090
2228
3681
3488
4367
5290
4640
4588
4665
3772
1672
4535
3835
1498
0
3694
2254
3884
4443
2671
2450
4665
4133
4057
3109
0
200
968
2122
5296
3746
2039
4764
1923
3126
0
1269
0
968
3733
2984
5000
3931
448
1832
0
1863
3654
3306
4648
4715
0
0
3143
3943
4035
4377
4218
4269
1738
4090
3785
1269
4850
4396
0
0
2713
723
3955
1863
3194
133
2473
4640
3847
0
200
3733
5186
3126
1604
4640
2039
3896
4023
1498
0
0
4986
2754
0
3896
5212
5309
3640
3847
4993
2563
2754
2833
1705
200
0
448
0
0
4001
4001
5483
5258
3290
1308
4023
0
0
3306
5063
5277
3558
3746
3785
2628
2202
3772
5638
6304
4023
3640
3586
4218
0
2379
2254
2833
3259
4239
4715
3884
2039
4657
4715
3654
0
3872
0
3707
2518
0
3810
265
5506
4827
2713
3226
4357
2947
3989
0
3290
1801
3306
2966
3920
4834
2585
3210
1386
3226
200
0
0
1269
4101
1102
4499
1229
1672
5617
2305
2330
2176
2872
4579
4057
3259
3810
4405
2891
5192
3772
3126
0
4811
825
0
3337
5528
3667
4348
64
2403
921
5794
4279
968
4614
5049
5377
6336
6119
2713
3530
1187
4850
5091
4562
1604
2354
3306
2305
1013
3143
3530
2496
1102
2403
0
5389
5118
5219
3759
5225
5425
2754
0
2650
2891
4764
5021
3908
4348
4772
4046
0
1983
0
2650
0
4396
1386
4133
3259
5118
4834
2813
0
4756
3746
0
2607
0
1672
3057
3003
2650
0
5627
4811
921
1145
3398
3443
5471
5035
4424
4665
4208
3896
2379
1058
3810
5754
5750
5219
3859
0
4993
0
3074
3859
2713
0
2852
0
3210
874
2011
723
3572
506
671
0
1738
0
3502
2426
4377
5111
1347
3896
3966
0
3021
1102
4001
2813
5784
6420
4858
4023
5232
4367
4553
3259
5251
3428
3003
4386
2496
0
1145
1013
4176
3443
0
506
5104
4480
3667
5315
3654
0
3443
0
448
4259
1386
1534
3057
2228
3733
2947
4640
723
3177
1893
3884
3516
3383
2852
2518
4648
2607
1269
5159
5199
4480
1269
4186
5118
4707
4471
1638
2650
4881
3488
1187
1058
3488
5035
6044
5573
2585
3353
5077
5906
5283
388
3003
4377
1983
2692
3640
2379
2650
2585
5056
4239
874
133
4133
3694
4405
4795
0
3835
388
2910
0
2585
2280
874
4499
265
5595
5179
1058
3368
3707
3306
3920
1893
3613
4614
4756
5021
4396
388
3810
3210
4665
5049
0
3210
0
0
1102
0
0
1187
2149
2254
3259
0
4144
3473
4249
1269
5466
5789
4993
2984
5056
4079
0
0
0
0
5556
4780
0
3413
2929
3306
4740
3694
0
921
3443
3039
0
2794
5258
4553
1187
4819
1145
3859
4035
5754
4480
4605
2794
0
4723
4993
2966
2650
1269
4269
2984
562
4424
5523
5686
5389
4723
2852
2305
4471
1461
1923
4308
2254
0
5448
3884
1801
4926
1347
5784
4588
3210
3443
874
3847
64
0
1461
2067
3884
2692
1738
2671
4971
4748
265
3810
2872
3413
5511
5077
5990
5199
1738
2910
0
0
2891
1269
3021
2450
0
506
5862
5118
1638
5627
2929
1672
133
4665
2692
2039
0
4682
3785
0
1269
0
0
2403
921
1461
5132
5346
5967
1863
265
0
0
133
5056
3160
2891
0
0
3847
5523
3243
448
0
4155
3109
2228
3368
4834
4631
5707
4452
4588
4308
5028
4229
4001
3759
3955
1498
64
1461
1145
4299
5028
3694
0
1187
4834
2650
4218
3458
3092
3353
6106
5562
3772
3908
4155
4269
2585
1498
2011
3290
5277
4424
1983
1672
4764
2541
448
3810
4434
2671
1424
3275
4415
3884
0
0
2852
2450
2426
671
3160
874
3003
2011
4299
3243
4850
4903
2947
4489
1801
3859
3210
1604
4144
2891
2473
0
2833
4699
5981
5028
2067
0
4489
3259
3259
3613
5219
3383
5000
4553
1638
4155
5573
3473
4780
5718
3443
200
1534
3872
2563
1347
2563
4471
5823
5686
4176
2713
0
3943
4588
3243
0
2692
4903
3835
1832
1672
4197
1534
4850
2628
3306
3681
3733
2379
2202
3810
874
3306
2872
0
4499
4553
4299
1638
4269
0
0
5077
3413
0
2305
3558
5389
4803
4614
2011
3966
0
4963
5352
3021
2305
3733
3599
0
2354
1604
2713
5063
4674
2671
4012
388
1058
4648
2585
4963
5245
2254
0
0
1424
3955
3516
0
0
2984
0
2403
4780
5056
4405
3694
2039
0
3109
2011
1461
4933
4144
3143
2305
1013
1013
3502
0
0
1534
1770
4471
3126
723
1461
3733
3021
0
327
0
0
0
4471
3383
1953
0
4562
5528
0
265
133
0
1534
1386
2305
3126
3586
671
4318
2228
3353
2496
3797
1801
1145
2202
4690
3353
1102
2650
0
2094
3290
1983
0
265
3473
3488
4249
4605
0
1534
1013
3797
5436
5999
5466
4819
2305
775
4865
4605
3558
1638
671
2713
6132
4772
448
4682
921
0
3908
3785
4748
4239
3259
2833
1424
2966
3835
5104
0
0
0
3586
3021
562
2984
0
4208
0
3613
5258
2966
3413
2774
4348
3530
1308
2011
4803
3859
617
0
3021
0
4764
4971
4535
2228
4605
775
825
2094
3160
5999
5600
3627
3920
3759
4133
3275
3955
0
1308
4112
4239
4674
1229
3640
3039
3143
5352
2067
1738
4133
2754
5395
4229
200
3572
2650
3109
4888
1145
3177
4682
64
5035
5511
4948
388
3797
5939
3627
3290
4803
265
0
4133
1424
3733
4299
0
5152
4415
4197
4269
2067
2947
968
3443
3290
3488
1308
4101
5111
2280
3558
1058
2330
3488
4517
5728
5419
2692
1923
4896
4948
3943
2813
1672
775
4452
1013
0
388
3398
506
3746
3681
2966
4631
4723
4553
4827
5186
1672
0
2833
327
0
1308
3322
1983
2403
1145
0
2122
2379
3822
5442
3759
0
3640
3544
5070
3613
4517
3759
825
3746
4926
3003
1738
874
3599
1953
4544
4462
3057
0
2794
2984
0
1347
1102
4112
3847
1424
775
4046
0
5277
5258
1424
4367
3884
0
3259
4229
2794
0
5562
4068
2966
2628
4772
5511
2563
3074
2984
3275
5595
5794
5152
2585
3398
3194
4197
4535
1013
0
2496
2872
4993
3021
3368
2650
0
388
4176
3908
2541
2354
0
0
0
1569
4682
2426
3772
3797
3368
1705
4948
4748
0
64
0
874
506
1145
3126
3572
0
2354
1187
3259
2891
0
3074
4827
1770
64
0
1534
2330
388
3092
3654
1229
1534
1058
2473
4208
2228
2713
3955
0
0
2692
2176
0
2473
3785
3759
3797
0
448
0
3259
3746
4239
1569
3516
3092
4623
5219
5670
4144
3516
3908
0
3473
1102
0
4544
4289
3989
1893
2734
0
3810
2426
1705
1953
4517
2149
0
1013
3681
3908
723
388
5056
6332
6412
5934
5511
4614
2473
327
1705
1738
2149
2628
4338
3797
5205
3039
4155
5622
3243
775
4112
3021
775
3074
0
3654
3109
2734
3039
4597
4289
562
4648
3920
133
0
2254
2585
4535
3640
327
3322
4396
3599
4811
2910
0
2929
4144
0
4424
5352
3908
3443
0
3003
3074
1102
2305
4452
3599
4978
5506
5077
3516
2450
4827
2473
2966
3243
1424
1801
2713
2305
388
2254
2607
3074
0
0
2833
2813
388
0
2650
4396
4090
2628
2011
4764
6212
4605
327
1308
5186
4101
2011
4918
3306
4357
5500
6370
4348
0
3488
2149
4707
5245
4881
3835
4648
2354
2852
1347
5159
3966
671
2734
3978
4057
3978
2305
3654
3226
4526
2628
4623
3810
3810
3785
2607
2122
4165
5407
5205
0
2966
5622
4858
3126
5617
5477
4553
1672
4803
5232
4764
4338
4239
1569
4699
4452
2473
2947
5302
2176
2039
3966
1569
1672
2149
2305
3978
0
133
0
0
4208
5232
0
4850
4386
2354
5000
4579
3143
1893
0
0
2518
3039
0
3210
4068
0
3488
2305
0
2966
1923
4386
6013
5573
3226
4176
3908
0
0
3920
1638
0
4068
0
4788
4665
4788
617
3627
5448
2254
2774
4926
2379
2813
2518
0
0
0
825
1893
2176
2947
4911
4357
3126
2067
3835
4357
4079
2280
3210
1058
4803
2496
4715
3640
2039
2947
4348
4012
3859
2984
4046
3872
3322
3978
0
0
4208
4526
1672
4811
5534
5118
5957
4023
1461
4012
1953
4259
0
1801
2713
4197
1145
4858
1738
0
2872
4155
6017
4386
3109
4631
1801
2330
0
64
4176
4740
2379
388
0
2450
1672
2496
2330
0
3572
2966
0
200
3488
2067
2607
4614
327
3681
1953
1145
4122
2813
968
1569
825
2518
1187
2094
4186
3488
0
5283
4623
4405
3021
2473
2122
2852
3143
0
0
506
0
3707
4489
2872
3275
2496
3275
0
4597
0
265
0
5990
4176
2280
200
4526
4956
2496
3398
0
2403
3822
874
3746
0
133
2872
1386
3966
4405
4068
3039
1187
2094
4367
4788
4811
723
2176
0
2541
3955
5644
4386
671
1983
0
1738
0
2403
3021
0
2754
2011
0
0
1347
4144
3847
3613
3544
133
2122
4690
0
0
0
5334
4367
0
1386
3908
506
4623
3859
4795
4614
0
3275
1145
1604
3322
3785
2929
1953
3785
0
3109
4068
5511
5528
2094
2774
1534
2585
4956
2929
0
2713
4978
0
968
4707
3640
1604
0
2330
775
0
4462
3177
2541
4348
4850
4328
4035
4535
3978
0
4648
0
723
3654
2067
4631
3092
2671
0
0
0
2872
1229
0
3822
0
0
2305
327
921
0
1953
5145
4462
3021
0
1269
3746
1923
506
0
64
2450
3226
3613
4176
2176
1638
2607
1534
1638
0
0
327
1738
3109
4731
3530
3627
4544
4827
0
2228
4723
4357
1801
2094
2852
4819
4748
1893
2011
3143
4176
4057
448
3021
1604
5070
4648
3458
3654
5290
4405
64
723
1923
2039
2254
4788
6123
3502
506
0
5205
4308
3694
265
0
1013
3759
0
0
2628
5199
2496
3530
4218
5212
4218
2473
3074
3558
4434
2305
1386
2067
2254
4101
1534
200
3243
4079
0
2607
2228
2966
0
3353
1386
1801
2910
3074
1953
4535
4396
4623
200
0
1269
1145
2650
3544
4780
5000
3306
775
4112
1893
448
4508
3322
4057
4986
4386
5466
4756
3275
4597
2039
1498
3057
968
2228
133
3896
4023
5159
3640
4057
1269
4165
4842
1923
4218
5352
1569
0
2202
2280
4553
0
4911
3667
4057
4579
0
2067
1569
0
2011
4462
5049
3530
2734
2541
2496
3259
4517
874
4896
3275
4665
2496
3530
5419
3368
4259
3210
0
4903
5077
6128
5867
5315
0
3859
2496
2305
1953
4941
0
4579
4978
3654
1923
4023
3822
3039
1347
1569
0
5007
5573
4588
4740
4657
506
3707
2585
617
4046
5713
3908
1498
2563
3398
1604
3847
4640
4046
5199
3226
3353
2813
3368
3383
2833
3126
3931
0
4289
5389
5718
4480
3039
3733
0
2541
1638
4328
4144
0
4605
825
3694
388
0
5321
4941
0
3733
0
1058
4933
3835
2011
200
4911
3978
921
2872
133
0
3931
327
3746
3544
0
3092
5744
4764
4279
0
3872
2067
3920
5691
5697
5556
5718
4259
2872
1145
0
0
2774
2379
3530
5808
2280
0
4208
506
3322
3160
0
3443
2852
968
506
5383
4462
4873
4443
3413
3226
0
2149
0
4850
2929
4001
1347
4657
2910
3759
4386
562
5098
2354
0
1013
0
4386
4012
3586
4377
1013
3428
0
723
64
2354
3694
0
2202
0
3177
4197
1983
0
825
1705
0
4740
5649
2692
5506
5833
2305
133
825
200
3586
4858
6058
5460
5517
0
0
1672
4978
2813
3322
0
5042
5000
1145
3558
3092
2011
3872
0
3502
2852
3290
4176
2403
1893
0
1461
1604
0
1953
968
0
64
0
4834
3746
506
5104
3955
2671
2833
2011
0
0
3057
2280
1863
921
3920
5477
3835
3516
3847
2628
2794
3908
4023
4896
3558
3243
4239
3458
2713
0
1672
2354
4405
1832
506
3398
3226
3021
3074
5035
4035
5654
874
3989
5028
3896
4535
4308
3544
1058
506
0
3943
3707
4499
3613
0
3353
0
4405
2541
3759
0
2692
3872
4462
64
3586
2518
3707
4367
1801
723
5370
2518
1983
4133
1672
2122
4396
1738
2122
4035
2202
388
2254
4462
448
0
2966
3306
3226
0
5172
4865
4348
3275
3443
4699
3039
64
3353
4819
5676
3943
2734
5562
2833
3322
4631
4489
2330
1424
3413
3275
3368
3210
1604
5035
3074
4405
2628
2202
3558
4328
825
388
1569
2450
4259
5166
3383
448
1187
4499
3530
3707
0
2872
4462
2094
4986
5219
3847
3458
2541
3413
4367
1672
1013
1013
4249
4623
0
2650
1738
2149
2450
4993
4155
3572
0
1461
1308
1863
2067
3290
3667
1534
562
0
0
265
3859
3443
4508
3126
5111
5000
617
4318
2929
3847
0
3074
3210
3955
2910
825
3733
3275
3859
0
4279
775
5754
5442
671
3810
2813
448
3978
0
0
265
1498
3368
5649
4367
4249
775
3275
2518
0
0
5063
2734
64
2011
2563
3931
4911
3398
5084
5901
2228
2607
4443
968
0
4367
4903
4873
1386
2585
3654
1461
4068
2891
0
4517
2176
0
448
1953
0
1983
1145
1498
4858
2947
0
388
4648
3092
1923
4308
5744
4715
3177
0
2984
5540
4553
3667
3530
5296
5853
775
3428
3772
3092
5219
4001
4176
0
0
0
0
4386
2403
1638
2910
1983
2426
0
2518
3143
4289
5327
4328
2734
2628
0
2607
4948
5077
4239
2891
2473
3989
5377
2067
2094
4386
3516
4489
3720
3797
3143
3194
0
3586
0
671
1461
2450
2202
1145
1187
4112
4489
3021
2947
0
2541
2254
968
4499
3473
1801
3931
0
4239
3194
3667
2794
874
0
4489
5327
3039
4865
4012
0
1672
0
1534
1269
0
0
3502
0
0
2280
671
0
0
200
0
3021
4229
3908
5454
4740
4648
1145
3290
2202
2947
0
3243
3720
4377
4605
3654
3194
1983
2122
1013
3443
0
2354
3210
4328
4155
0
0
921
4452
1386
3413
4933
388
2067
1102
4631
4665
4279
3955
0
4788
4597
0
0
2774
4289
2202
3143
2628
3707
4001
2067
3473
0
1308
2671
4858
4911
1461
3733
3243
4249
3160
3586
2947
1893
1893
2122
3290
3586
723
0
562
0
5302
4682
4090
1461
5419
4122
3194
0
3003
2011
5098
2149
3226
1863
3259
1013
1347
0
1953
4396
5035
0
3502
2794
2872
133
3502
1738
4819
4299
4553
5595
4090
1229
4896
3194
617
0
5723
4218
0
0
4526
2585
3746
1893
2202
1983
4186
1347
388
0
0
2280
3306
3746
1013
1347
2541
0
0
2011
0
5118
5327
5556
4535
4462
4715
1498
2354
2910
4186
0
3177
0
3516
265
2984
1461
5804
5084
3558
2910
1058
4259
5818
5540
0
825
4903
4631
5056
0
5506
3306
0
4046
388
3667
5853
5159
1347
0
3810
4348
3160
2122
2872
4328
1229
1347
2094
0
1347
1145
3290
3989
2872
1498
0
4079
6035
5159
1738
5562
1705
265
0
0
3943
4963
3074
2354
200
4239
3516
2149
265
671
5179
4850
617
2176
3194
3599
3473
4873
5118
1801
5232
4517
4229
0
3473
5091
1983
2929
4452
0
3884
5296
327
1386
4046
1953
3720
2067
3226
1424
5091
3872
200
3943
6220
5104
4122
4517
6265
5808
0
2692
0
4112
0
2734
0
3746
3530
0
0
3488
3003
1187
133
3488
3586
723
3126
4415
1738
0
3558
3290
0
1269
0
3931
5654
5309
3109
64
2813
2794
671
0
3160
2122
4035
2774
4057
4299
3530
2450
2176
3746
3859
2541
2910
0
3558
3667
3943
3785
1832
3627
3143
0
0
1569
0
4279
3530
0
5383
3772
3989
4665
4819
0
3516
133
2473
3126
2929
4424
4795
4122
2650
0
4535
4165
4386
5192
5238
671
4090
3126
4023
2330
4795
3640
0
0
4963
3160
3259
562
2734
4259
4079
3920
0
3694
6249
5754
5132
5264
4993
4993
3259
0
4299
4357
5483
1770
265
3074
1461
0
2067
4956
2354
4657
4795
4780
3443
3021
2563
2011
1308
723
1386
825
4918
4731
3720
3021
1604
3516
5346
5346
0
1534
3126
0
3003
4526
3306
2202
3586
4963
3290
1308
1893
2813
388
4101
3920
4674
0
0
2379
1569
825
3057
671
506
327
3275
2280
4090
3226
1983
1058
671
3896
617
2011
2122
0
3530
5199
4588
3502
0
4788
3966
2202
3989
1638
4731
2228
0
1102
0
5258
5077
2305
5302
4986
3810
3458
2833
0
1347
1604
0
5364
4535
0
3109
1893
2607
4165
0
3707
4165
5364
3640
3488
3681
3092
3413
1672
3226
4328
3074
0
3368
775
874
1347
3322
3516
1347
3544
562
1953
0
4614
2254
2228
3681
2039
2541
1770
3667
5199
775
4218
3720
3143
3797
0
0
2403
2379
2794
4588
0
3640
3810
3413
2280
4079
4795
4690
1770
3021
2585
2650
5562
5172
5617
1145
5056
3039
4035
5670
1953
2734
5212
4788
200
3353
0
3275
3243
2671
723
3920
4068
0
4229
4386
0
2852
4155
4386
0
3502
2426
1893
4218
4588
0
3797
1569
0
4229
0
4239
4553
2966
64
3627
0
5111
3694
3109
3126
3640
5595
4046
562
3667
825
1983
4715
3275
2852
3586
5352
1923
4480
5595
5707
1269
2228
3733
3558
4605
5070
2011
1013
3667
3443
1461
0
4357
1424
3210
3558
0
4896
5028
3275
921
4386
3931
2910
3488
0
2330
1229
3143
3443
0
3558
0
3785
5573
1534
2354
2813
5063
3847
0
3502
4165
1705
1229
3707
0
968
3694
133
2202
4903
200
3884
1498
968
3109
3847
4850
4873
2563
0
3694
4535
0
2833
2813
2305
4699
0
0
0
4614
4963
4239
2984
3613
4631
4918
3859
4299
3109
1953
0
1534
1863
4956
5534
4415
4386
3746
1953
3746
2734
0
3544
4367
4623
0
0
4535
3822
0
5389
4764
4788
5145
3210
2872
3337
1604
0
4888
5862
4674
3599
3160
0
3896
5578
4357
4068
2403
4318
2149
2734
327
3194
5111
2228
3613
0
4623
5049
3039
0
671
0
4328
4795
0
3785
6216
6630
2734
2794
4338
4218
0
2254
4690
5000
4748
4090
2094
0
3720
0
2149
3872
0
0
3667
0
3337
4588
0
1801
1013
0
3667
3627
3558
3733
200
0
2379
1738
3502
5750
3243
2607
3109
4614
4396
4903
2149
1102
4452
0
2872
0
2692
3210
4631
874
2122
4896
133
2585
2305
2984
4605
5145
2228
2891
1863
4269
0
64
2794
0
0
1705
1229
3003
4471
5713
3502
3599
4788
2403
5681
5567
1893
5132
4090
4396
4993
3920
1604
2496
4535
2122
1424
0
4328
4415
2228
0
0
874
2984
1983
3733
4707
5000
2692
3530
4338
2692
1498
2473
0
0
0
4888
3413
0
921
4881
4079
4229
4090
2039
4896
4740
3488
3530
2254
4918
3516
0
0
4165
4665
2671
4903
4308
2891
4434
4526
4562
4640
506
4471
5990
4971
825
1534
0
1863
4012
1770
5702
2496
4748
4367
4986
6132
4012
921
64
2852
2563
1672
4978
4133
0
3884
921
825
562
1145
4057
0
2671
1498
2039
0
4948
1953
2067
1386
5139
2228
2872
0
4023
671
562
2671
4764
4623
0
4748
5309
4858
1386
0
4357
3428
0
1187
4811
0
4396
5098
0
4570
3290
3210
3720
1705
4665
2650
4357
4544
1801
1498
2011
2518
5021
3428
4338
4229
1832
4090
4035
448
0
4963
3143
0
4918
3322
4452
4249
3835
2202
3126
133
2872
4956
5251
3092
3822
3473
2910
0
0
1638
1145
2813
4873
723
1424
0
3720
1013
3896
5238
2813
1569
0
1638
2176
1832
2518
562
5091
3847
775
3797
2094
4259
2518
2734
2067
0
0
0
3558
3908
723
4101
3896
3039
2650
3143
4553
5245
921
327
2650
1058
0
2607
4057
3473
4443
5264
2628
4079
4176
2094
4614
1386
4424
3989
0
1832
4101
0
3516
4665
1347
5442
4068
327
968
0
2671
3226
0
0
448
1424
3210
1145
4508
2713
5056
4772
3003
2813
2671
265
0
2011
1738
4367
5764
2563
1983
2094
3226
4186
3835
0
2774
5784
5270
3627
617
3720
5070
5098
562
1013
4144
3872
3746
0
3275
0
0
3210
4723
3337
5920
5948
448
0
3413
2754
506
0
3337
2354
3473
3920
4896
1013
2984
0
3558
2984
2122
3413
2305
4756
4648
5000
5511
5595
3859
4144
3502
2541
3398
0
5407
4748
2149
4218
671
4308
3884
1983
0
1832
2585
4415
4318
0
1983
0
3558
1705
4239
4489
1893
0
2305
0
0
5014
5466
5377
0
265
0
388
3530
3210
2149
4218
2713
0
0
0
3398
3458
5370
4665
2039
3835
4858
3383
5627
6269
506
4338
2426
3502
2692
3654
1893
4588
3226
4665
0
1013
1461
0
3021
133
0
3943
0
3872
2403
1269
5309
5967
3143
0
1832
1863
4197
3428
825
0
4462
5523
2122
0
2984
3772
2585
3516
1187
3003
3092
3746
3931
3613
3627
3810
3544
4588
4308
3458
4956
1308
1770
3398
4122
2947
2650
0
4001
2067
4948
5358
3530
825
2039
2149
2496
1461
775
4740
5551
2774
4249
5896
5494
4218
2794
0
1604
3931
4357
1269
3599
2947
4588
4963
2426
874
825
2852
4772
1347
5799
5665
0
2067
4434
5334
5007
2280
0
3337
5754
4788
0
4452
3920
0
4657
2176
3160
4508
1893
921
5000
3368
1832
506
1604
968
968
4415
0
4748
5728
4434
4318
4090
0
617
825
2305
874
2518
3413
4956
5245
3884
3353
0
4452
0
2585
3194
3383
4197
64
3259
4090
3516
921
1058
2984
4811
6174
5957
775
3785
1424
2852
4588
4165
4405
388
1604
4229
5734
5205
4289
3290
5358
2122
4993
5813
133
3544
265
0
2450
3931
1013
4357
0
3667
5545
3720
0
723
4197
3931
2011
3177
200
2011
4308
4648
2330
3572
0
921
2149
2305
4648
2254
2473
4508
1983
2518
2794
775
0
2774
2852
2149
0
3681
2254
2496
0
388
5808
4218
2254
1145
4012
3822
3516
2254
0
0
2966
1386
2585
1832
2929
1923
2929
1229
5670
5077
1461
4068
0
1923
1013
4023
3859
1386
4452
4881
0
3530
968
2650
4674
2984
2872
3667
2734
3243
3243
5035
3226
1058
2067
2794
2067
1705
3966
2094
265
4218
2754
2984
4605
5104
1770
0
0
2496
2176
3109
4176
4090
1638
3074
2585
3177
5104
6008
3785
0
1498
0
1893
2833
3226
3368
3822
3667
5125
3544
2541
3872
0
3896
5595
5315
3613
4803
0
5430
4443
4640
4249
4971
0
3143
1801
1347
2228
3226
825
2450
1923
5906
5567
4723
0
1424
2450
3398
4415
2202
1269
3640
2754
0
4918
4648
5622
2910
4756
4415
5199
3558
0
4122
4338
4462
0
1269
4338
4299
4811
2305
3160
388
448
0
3759
3966
3259
0
5270
4471
1953
1638
1013
1461
4289
3092
1102
3243
4165
0
3383
4057
3707
874
3210
0
1638
5270
4772
3847
3746
3177
2754
1145
0
2671
2496
5199
6453
6304
4035
2692
3733
4090
1953
2966
3413
4888
5471
2833
3847
874
1269
1801
2426
4386
4605
64
5021
4462
2966
2176
2473
0
3021
2813
4259
1738
2541
4674
2774
3210
5014
4623
2067
3074
0
2011
0
327
3896
617
4452
4155
0
1269
1983
3586
0
1893
0
3322
3413
0
2794
3884
3458
2734
4489
5327
775
4405
3177
874
0
5436
3322
0
0
0
448
4289
2563
2628
2541
4079
0
3667
1424
2202
4640
4682
3908
4012
4197
4723
5152
0
5857
4046
0
2734
0
3021
3572
3654
4396
4299
3599
3428
2011
4978
4079
562
0
1102
0
4348
5419
4090
2496
0
1308
1187
5718
5739
4682
0
2794
0
2122
3884
3627
3872
3039
1145
1983
4715
5981
4605
4405
3931
1534
1770
3210
4699
0
1498
0
2872
5340
4623
2628
3039
4090
0
5413
5813
4415
3074
3572
4057
3733
3458
327
1187
3835
2280
3092
3908
4597
2734
2067
3306
0
327
3039
3516
1308
3109
5676
4699
968
4896
968
1229
3544
4357
2202
4155
1013
2852
3627
2734
3337
1308
4756
1269
2496
0
3681
3978
3473
1386
4780
1498
4811
4715
2379
4842
3383
3003
3931
4562
3785
1738
4386
0
2774
4665
2280
0
327
0
4112
2426
3243
2872
562
921
4588
4933
562
4090
2094
0
3057
4046
2280
0
723
2966
4239
0
4517
1347
5383
6208
4259
4001
3074
4452
921
0
1347
3613
2650
0
1672
0
2947
1058
4377
4842
0
4229
671
0
3275
5098
1386
0
4112
2149
3989
388
0
2094
0
2794
2754
0
3627
0
4605
2774
1424
2518
0
0
3092
0
0
0
2305
64
5186
0
3259
5166
133
0
3943
3654
671
3243
0
3733
4367
327
5186
5098
4046
3785
5739
3383
2094
4434
3810
0
1102
0
0
3413
4299
5056
1893
200
3243
4903
2754
0
4112
4699
4079
200
388
3003
3194
2379
4176
3654
3322
4133
3835
200
5321
3428
3516
4057
3822
4780
327
3931
1013
0
3428
1102
3884
4842
3275
2541
5644
5799
1638
617
3599
2813
3720
4748
3733
2541
133
3516
4377
5091
1983
265
3243
4896
2754
0
4144
4707
4079
265
327
2984
3226
2450
4144
3613
3210
4035
3733
0
5377
3558
3398
3943
3966
4896
1145
3707
0
1102
3143
1801
4101
4971
3021
2891
5744
5891
2228
0
3920
3306
3322
4499
5125
4101
0
4133
4101
3720
3109
3003
2607
2585
4079
4023
2379
200
3275
0
1347
3210
5084
3572
1229
1569
4588
3797
2067
4079
5049
